500 40
0 134 271 402 406 151 283 420 293 425 170 175 181 188 190 447 319 321 66 325 72 203 209 339 341 85 472 218 223 351 482 355 365 378
128 258 6 136 137 399 408 28 165 296 171 175 178 307 60 453 454 199 462 345 91 222 228 495 246 119 379 255
35 453 104 362 204 269 173 176 49 116 181 86 343 26 443 317 255
257 264 398 400 275 29 157 285 289 418 34 36 294 41 169 431 51 438 312 59 450 324 77 208 82 211 84 469 474 222 226 483 485 233 234 239 367 243
476 298 494 179 312 251 28 349 94
386 135 264 13 141 400 144 152 33 41 42 172 53 182 186 315 64 196 70 71 72 456 330 326 336 465 466 337 85 226 102 231 240 115 245 118 376 250 123
385 258 389 6 136 138 399 278 280 24 35 39 423 44 439 188 449 203 76 474 219 349 222 223 227 488 366 495 239 117 250 127
392 267 19 283 29 416 161 36 298 173 301 433 50 181 439 184 313 446 334 465 83 212 478 98 493 368 116 245 247 251
128 5 261 263 401 146 18 284 158 415 33 291 295 170 171 428 439 186 190 198 200 463 469 341 344 92 98 228 359 103 242
226 262 9 202 42 432 401 307 244 442 348
128 8 266 140 143 21 414 290 422 39 429 49 56 187 446 447 321 325 328 331 76 334 79 83 340 88 217 474 94 481 102 231 360 105 233 110 368
387 4 393 401 155 283 40 50 57 447 193 203 459 333 214 346 478 496 117
3 140 19 404 148 155 414 422 170 304 305 177 55 319 194 195 453 460 204 79 85 350 358 368 252 124
388 391 11 140 267 398 272 404 281 412 417 419 434 310 56 313 187 445 73 461 337 211 84 85 471 344 217 221 482 356 101 230 494 239 119 378 126
297 106 299 201 463 17 275 214 279 406 383
168 154 387
483 71 200 489 365 210 183 248 89 442 188 94
149 151 28 420 293 165 427 45 311 68 197 457 335 80 337 343 474 95 96 225 224 356 487 106 112 497 113 116 378 252
131 260 389 133 141 273 147 417 166 295 44 304 177 436 437 439 57 63 192 196 198 199 76 204 337 85 470 346 97 356 228 105 491 108 369 372 118 254 248 126
420 229 7 8 232 106 427 208 177 190
161 290 421 455 297 202 142 79 474 338 81 180 244 24 378
129 388 263 265 274 409 25 155 288 419 294 167 173 305 51 442 443 316 61 450 195 330 78 80 84 340 469 89 347 348 477 350 480 354 370 252 124 126
4 10 139 19 23 284 417 424 297 302 303 178 52 180 188 448 193 69 70 455 204 78 206 466 346 347 219 97 232 488 492 496 382
353 259 197 70 332 50 475 441 378 315
9 12 18 276 405 151 24 156 30 159 35 424 47 434 51 57 443 444 189 61 318 188 322 458 79 466 215 349 355 228 484 103 490 235 365 494 248
408
354 99 68 293 324 135 490 44 238 368 371 116 439 248 412 348 311 446
46 462 112 114 90 188 62
388 292 136 396 204 110 302 300 407 411
267 12 399 154 283 27 289 418 34 164 169 431 177 49 54 313 451 326 199 75 339 86 363 113
226 67 312 325 228 489 138 75 426 461 367 304 239 439 152 446
384 393 137 141 398 15 272 411 29 34 293 170 302 430 57 445 194 195 196 323 74 333 208 468 470 87 474 223 100 488 107 117 377
393 143 406 410 425 427 175 436 59 332 217 95 96 353 229 103 233 367 242 126
226 488 152 24 186 411 284
261 262 135 11 140 14 271 406 151 25 411 31 293 425 174 47 304 438 315 189 447 458 330 465 466 85 87 231 495 368 118 122 124
321 228 9 74 44 334 432 211 218
416 419 292 133 432 304 309 152 477
427 203 491 305 277 87
288 65 352 133 262 424 265 8 270 366 79 18 115 251 444 381
280 5 393 202 77 271 400 148 212 374 184 410 31
