500 40
162 195 293 264 9 458 205 494 45 82 114 244 468 217 282 123 189
130 5 142 144 159 425 434 54 188 319 71 336 86 346 96 487 107 364 241 114 371 124
388
288 133 134 491 430 436 26
144 0 153
128 261 393 11 269 271 24 152 33 36 168 305 443 444 190 332 208 88 473 101 231 239 371
200 171 236 358
129 193 101 173 177 402 91
66 35 262 135 171 464 368 250 445 350
257 121 386 197 206 430 150 310 57 285
473 71
384 130 138 12 400 402 150 415 170 44 430 184 452 332 77 462 335 465 216 90 474 220 93 221 480 236 497 114 499 119 126
147 21 286 165 422 435 314 319 331 334 464 468 213 86 222 224 480 227 232 490 491 235 110 112 372 127
385 261 486 233 269 23 183 24 282
12 273 286 175 438 439 319 68 205 334 335 337 338 340 343 346 221 349 95 481 226 229 107 236 375
386 265 141 398 143 15 147 25 27 28 416 420 40 426 299 49 180 443 445 61 328 201 460 332 78 462 463 85 214 348 92 382 383
193 387 263 231 41 105 77 175 240 16 178 83 86 344 59 188 446 351
329 174 19 89 123 223
3 274 150 416 171 303 312 447 450 69 328 77 342 343 479 352 358 233 235 495 373 248
65 353 68 424 329 426 74 364 43 116 314 123 316 286
390 7 11 140 271 19 152 286 421 181 319 330 331 332 334 470 218 91 478 243 116
1 393 267 269 270 280 416 34 299 431 177 313 187 65 70 336 467 85 99 362 364 367 370 383
385 2 134 139 271 16 15 18 148 282 412 295 39 174 175 48 437 439 57 80 340 346 349 95 101 358 236 239 246 120 249
152 358 139 222
257 2 8 12 13 398 271 406 160 289 296 40 176 327 205 463 82 467 340 83 212 217 90 223 482 483 99 363 107 496 243
83
163 420 6 457 270 271 238 17 243 117 183 312 474 156 382 31
4 319 329 137 73 74 268 437 86 309 376 186 315 383
386 4 133 391 135 11 271 282 160 165 169 297 174 47 176 177 436 181 439 313 323 73 202 334 212 216 476 484 230 363 245 119
257 387 390 263 264 137 7 139 11 279 27 28 158 35 419 52 313 443 317 196 68 70 204 332 463 82 342 216 475 97 490 495 368 115 117 379
132 5 38 294 428 496 499 404 341 406 471 277 186 443 311 255
292 198 40 424 333 496 370 84 373 310 55 57 442 247 126 127
324 102 299 141 80 273 145 306 468 85 408 153 346
34 236 46 431 80 272 336 441 154 251
91
128 386 6 393 138 11 407 28 288 161 169 297 434 439 444 61 446 452 68 454 455 343 350 483 241 370 498 245 375 124 382
290 101 37 71 40 201 73 300 175 208 305 148 87 409 59 190 478
388 136 394 139 395 268 398 10 17 402 281 410 284 157 34 295 45 431 181 445 64 194 70 79 465 342 479 225 360 364 238 496 242 370 117 249 380 253 382
384 264 265 266 155 29 159 166 38 40 168 303 443 194 82 84 469 359 371 118
131 142 146 402 404 149 278 407 151 279 282 415 34 291 173 302 175 433 435 183 188 62 448 451 454 202 209 82 119 346 247 219 222 224 97 99 489 375
