250 40
171 204 239 81 58 60
146 157 159 32 168 46 48 184 58 189 64 200 201 212 92 93 95 224 102 106 107 117 126
121 194 34 205 207 18 212 54 249 123 158
89 6 70 42 235 141 206 14 113 178 212 214 185 186 63 25 159
130 131 135 12 142 144 146 29 159 164 47 50 181 200 74 203 217 220 98 100 103 105 115 116 120
6 19 155 156 29 43 45 179 54 57 59 189 192 213 89 224 228 101 106 238 121
1 131 4 133 136 9 146 148 22 23 24 150 153 28 170 171 185 187 62 192 196 197 200 204 207 213 216 90 227 100 103 236 242 243 245 118
134 8 16 148 24 153 27 156 163 175 56 70 71 198 75 78 212 84 216 91 219 243 116 247
129 132 12 141 148 152 26 162 35 163 167 40 42 44 175 176 53 181 186 67 197 201 75 204 80 215 91 92 99 229 234 108 237 115 117 248
34 116 222 127
138 21 150 29 160 34 179 51 53 185 58 65 71 201 74 204 80 210 215 88 89 220 225 227 229 232 109 241 115 118 120 121 123 126
132 142 16 21 155 27 36 184 57 186 59 191 194 196 199 87 216 223 100 236 237 113 249 125
45 150 31 221 159
216 54 31
8 81 43 125
72 141 94 47
7 12 14 143 144 147 34 177 179 187 60 63 77 210 84 93 99 236 110 239 248 127
130 8 136 140 145 152 26 163 164 38 48 191 70 71 204 78 81 92 93 95 226 230 234 108 238 241 245 118 247 125 126
4 133 135 11 19 170 179 54 189 196 71 75 206 79 211 214 225 104 234 106 118
137 139 150 23 155 29 31 166 38 41 171 174 180 181 54 186 59 61 193 72 73 202 204 206 85 86 87 90 221 226 99 230 104 232 106 240 244 117 248 123
131 135 8 151 155 164 166 42 43 49 181 56 191 202 206 216 95 97 230 240 241 118 248 123 124
2 131 7 13 15 17 22 159 171 48 49 178 53 187 190 196 71 77 80 81 210 87 216 215 93 98 229 102 108 242 116 248
2 7 15 21 153 34 166 43 52 182 69 71 75 203 77 207 79 99 101 239 112 249 122 127
193 33 249 199 72 234 47 181 85 25 187 189
37 8 113 146 50 19 23 249 186
139
2 22 44 46 47 53 196 69 202 204 80 221 101 230 110 239 241 115 117 118
215 100 95
133 6 11 144 147 19 149 150 28 31 33 167 169 46 182 187 60 189 62 71 74 77 208 81 215 221 93 96 224 226 100 105 236 109 240 241 115 118 248
128 135 144 18 25 170 171 175 178 179 185 186 190 69 70 72 200 207 119 220 94 224 225 98 99 96 229 230 101 231 106 245 246 118 126
76 178 245 246 94
0 128 137 10 13 15 143 152 25 37 170 43 172 173 56 185 58 188 189 190 191 69 200 76 77 78 97 228 101 230 232 233 236 111 112 240 114 247 248 249
236 13 147 249 190 62
135 12 140 143 150 29 39 170 57 60 193 66 68 199 77 98 102 104 119 124 127
88
1 98 162 7 233 170 139 13 45 176 19 189 244 87 153 219 125 127
12 144 18 147 22 23 25 160 168 45 174 47 178 51 186 59 190 63 195 196 197 74 204 208 90 218 219 221 94 92 227 99 231 108 109 240 242 248 121 125
0 132 140 16 146 31 33 166 167 38 175 176 54 59 188 61 190 67 197 198 203 205 212 85 86 215 216 89 217 88 92 228 230 103 233 106 107 105 109 120
4 6 135 154 26 156 29 33 36 173 174 47 46 177 49 51 56 60 196 198 200 73 202 80 83 211 84 214 86 97 103 237 116 125
129 131 134 11 12 148 161 163 37 169 171 173 200 203 212 95 226 227 118 125