1000 40
389 262 775 646 266 276 532 671 289 674 36 933 38 310 958 320 333 219 221 606 479 998 616 873 872 759 617 876 750 495 757 503 507 765 254 763
521 270 526 912 275 152 922 158 418 419 548 678 813 308 700 320 713 337 852 872 877 494 242
779 399 915 407 930 678 683 300 44 436 834 70 849 340 247 253 863 232 112 113 885 502 887 505 635 765
390 657 540 669 291 939 173 689 435 821 57 321 450 327 206 211 343 90 608 355 997 742 493
903 301 749 177 219 798
192 897 736 266 118 602
899 6 406 793 294 556 174 304 691 446 958 831 960 324 201 720 83 220 992 355 619 236 237 111 119 760 509 126 639
2 518 652 780 911 534 281 26 794 544 290 424 811 172 428 561 565 825 571 958 62 450 836 837 965 711 210 352 995 996 997 744 110 113 626 244 247 379 124 127
385 908 272 657 530 20 535 417 809 41 942 184 833 834 458 203 202 844 717 81 593 209 980 725 600 91 732 220 480 612 741 743 619 748 883 374 634 379 637 894
816 612
2 899 775 403 405 664 538 26 289 549 167 560 816 51 565 694 200 584 976 82 219 859 862 97 738 353 620 625 763 124
866 706 964 295 701 651 334 113 29 499 758 408 825 794 92 893
529 646 407
0 129 776 523 524 787 917 534 791 536 286 288 37 166 552 302 47 563 950 444 577 839 330 974 209 96 495 119 888 378
70 748 115 852 119 505
15 529 151 408 666 27 799 295 40 431 48 52 950 696 312 569 576 577 837 968 714 82 598 471 863 998 743 234 108 877 113 115 759 761 378 765
899 644 135 776 267 908 408 155 795 173 697 190 63 968 332 732 352 752 250 764 125
609 37 742 999 746 299 177 498 83 371 596 311 890 443 766
264 268 14 143 277 24 539 412 157 542 798 675 296 681 584 990 626 250 895
2 549 133 101 970 724 852 439 286
772
261 904 919 25 26 543 803 679 300 428 561 691 700 833 577 708 456 588 466 987 608 239 751 499 380
390 265 139 272 788 410 29 927 683 942 946 822 194 839 331 459 593 852 212 987 223 224 226 742 363 624 758 120 639
801 385 260 268 592 306
480 481 674 897 962 806 712 653 470 215 828 94
8 964
428
768 130 903 649 11 12 400 278 928 42 172 685 559 48 181 570 315 195 836 325 838 199 844 717 975 79 853 986 732 101 998 870 230 106 111 627 638
801 995 644 550 776 879 241 146 51 211 117 23 441 538 797
769 260 775 519 779 912 402 665 922 543 159 546 178 821 694 953 316 958 63 451 324 587 79 208 341 861 230 231 745 110 240 370 627 628 116 503 506 763
645 903 271 914 153 794 926 930 431 691 565 580 982 219 348 481 486 489 885 373 375
384 514 274 916 25 154 541 925 33 37 805 167 166 178 563 440 569 57 191 584 458 976 80 851 84 724 726 599 859 609 357 997 362 236 877 493 376 377 126
356 331 525 47 112 754 244 308 724 55 916 84
56
384 906 523 781 18 532 790 408 923 926 289 803 424 170 939 175 432 817 823 824 572 702 192 451 457 458 586 600 857 473 348 988 223 96 483 492 365 495 368
509 645 518 906 141 653 529 404 22 280 921 284 157 924 415 801 419 933 294 816 692 181 58 315 834 199 844 978 722 99 490 746 365 499 761 248 249 381
448 609 67 38 583 76 173 989 821 630 694 476 317 926
0 898 514 130 907 779 15 402 22 669 416 801 168 301 558 815 304 568 58 574 193 68 198 711 329 587 971 589 718 209 594 353 487 359 887 501 375
520 395 523 526 16 666 540 31 42 557 46 695 952 192 197 333 206 848 338 349 864 875 747 879 625 499 636
820
