1000 40
449 930 165 709 966 171 267 463 975 465 894 438 89 155 30
770 272 402 275 662 540 670 50 563 822 55 697 961 193 79 335 741 358 619 368
65 516 356 460 592 48 371 979 661 502 631 794 284
352
160 998 455 296 41 873 169 494 207 976 593 625 209 115 410 955 511
353 419 236 754 276 375 953 764
900 4 780 909 142 657 921 674 822 182 443 449 842 202 587 483 622 508 125 126
320 449 673 864 932 231 585 298 106 340 245 534 664 700
391 392 11 399 531 276 406 281 666 155 285 413 289 682 683 561 947 67 452 581 326 839 200 585 969 844 976 979 472 344 986 860 867 617 369 510 767
772 647 11 528 412 799 804 805 51 566 823 570 321 975 852 86 221 354 615 487 363 242 895
770 522 787 21 922 290 546 814 945 306 947 835 198 200 718 477 733 484 236 367 501 508
668 674 933 746 907 436 634 950 183 762 348 861
960 649 683 271 784 658 82 533 213 955
385 898 389 6 519 650 150 282 795 155 163 165 679 560 946 312 959 69 973 592 209 854 477 741 232 361 618 877 752 626 372 505 510
438 871
640 224 393 341 824
344 228 677 647 202 139 557 943 816 663 728
130 3 777 521 269 398 788 540 286 414 550 40 682 556 685 686 559 819 309 821 54 315 700 444 706 70 975 721 729 218 731 602 488 745 365 883 117
288 751
992 421 101 807 330 779 236 110 176 912 114 125 661 791 889 442 445 319
513 938 683 473 182 344 633
897 259 517 901 263 391 284 924 34 35 676 936 41 428 48 692 831 705 962 963 453 72 457 459 717 334 851 468 217 347 733 610 227 356 870 742 375 764
515 390 782 145 537 543 800 934 166 695 826 189 198 76 588 206 589 86 598 989 607 224 481 229 359 747
672 682 388 269
641 899 644 5 134 135 274 662 158 163 36 429 814 431 945 563 315 61 445 62 706 453 198 70 715 82 84 597 598 475 612 999 625 629 630
142 145 20 538 417 40 181 55 186 699 571 963 584 715 590 592 468 726 854 231 238 623 881 634 637
514 261 519 393 522 793 25 546 547 937 938 431 959 191 322 452 585 715 863 107 366 115 254 760 249 637 638
384 897 258 132 527 271 279 920 792 284 670 546 802 805 45 53 57 574 837 454 839 70 457 971 76 334 719 976 721 974 596 868 363 365 496 760 121 894 127
512 129 5 262 134 9 786 915 543 162 35 549 935 429 180 694 951 572 576 451 327 732 605 94 99 357 231 492 621 497 886
263 528 276 149 151 920 412 675 43 46 304 48 562 565 318 447 959 708 452 715 593 596 598 471 218 733 610 611 995 763 380
896 6 903 265 394 11 660 661 537 670 419 42 690 452 840 337 470 351 612 615 361 491 496 890 893
450 611 260 838 198 935 75 45 974 367 914 921 122 155
514 5 268 271 528 534 23 29 802 676 682 439 569 442 953 706 580 717 83 91 96 628 252
216 697
416 641 451 903 415 268 431 336 211 628 25 93 95
2 387 656 533 156 181 566 438 955 829 446 584 457 843 464 344 97 483 995 487 746 875 365 881 886
262 774 520 396 526 914 26 285 928 939 557 48 945 433 434 52 180 949 567 956 197 202 715 204 209 597 599 471 89 605 994 357 617 887 378 767
611 259 356 132 268 109 46 592 822 54 93
871 359 9 746 171 232 244 155
0 5 765 778 270 399 276 918 281 923 158 543 44 174 689 311 442 826 452 588 589 80 976 979 852 341 981 470 730 733 488 363 498 372 758 253
