500 40
256 12 13 15 404 22 23 152 31 289 39 41 429 434 442 446 192 457 332 462 335 338 211 84 89 221 478 479 95 490 493 110 495 115 118 248 121 382
386 395 396 15 145 22 281 158 289 421 294 170 429 175 48 51 181 188 449 66 67 202 330 204 335 472 224 100 485 361 491 243 376 250
130 392 394 140 22 155 416 417 36 293 420 167 171 174 177 63 66 69 77 86 87 472 346 489 112
128 129 5 404 279 410 40 425 313 315 446 451 328 457 332 218 350 230 105 112 383
322 228 247 329 234 138 302 304 336 467 119 307 471 151 441 283 94
292 6 339 276 213 411
387 4 396 140 148 282 412 428 49 55 209 210 339 468 355 360 234 235 494 246 120
128 355 292 100 108 110 49 474 220 285 158 383
388 6 391 395 140 13 144 404 406 279 410 28 287 166 40 305 184 313 189 323 324 453 205 207 337 465 211 467 473 475 98 355 226 490 239 495 499 248 125
353 196 17 242 407 151 249 443 189
128 3 132 6 265 139 396 271 149 278 407 280 412 414 34 419 421 172 430 178 56 445 321 65 69 464 213 342 214 347 95 482 487 240 368 371 245 377
259 137 396 280 411 414 427 51 307 312 61 322 66 204 80 465 214 86 349 481 358 486 239 368 118 120 378 251 383
394 138 396 145 146 402 406 22 27 169 298 51 444 62 63 192 319 66 327 201 203 332 337 474 219 476 353 355 363 376 382
416 313 232 214 408 25
194 451 165 455 200 139 140 78 47 498 25 410 251 29 254
386 324 38 425 234 490 429 238 272 437 470 441 442 93
36 123 364 365 283 82 470 250 347 285 254
483 60 45
312 291 163 69 140 431 498 308 310 86 88 474 317 350 479
391 457 171 235 468 279 189
384 2 389 390 391 394 10 266 279 153 281 283 292 39 426 427 309 181 310 313 315 317 318 76 344 474 100 486 103 362 111 368 497 380 254
280 34 3 36 203 492 238 48 312 347
3 391 138 272 404 22 410 412 413 159 295 429 188 189 194 81 480 248 229 487 103 233 362 236 375 120 254
133 264 265 279 290 162 430 312 198 202 459 477 221 224 483 101 102 488 233 492 237
258 132 6 136 137 397 272 280 285 34 163 296 425 43 440 194 326 330 331 344 349 221 95 480 96 375 108 366 112 370 374 247 379 380
133 9 11 12 14 272 400 20 23 409 285 34 431 308 181 183 453 462 334 217 224 227 487 359 235 238 496 121 252
386 132 261 31 288 165 38 170 428 46 179 312 185 65 195 79 465 210 337 87 473 97 101 233 364 495 112 240 118
129 3 8 142 150 159 160 419 293 426 178 179 180 193 459 213 216 218 91 357 358 231 364 370 377
295 40 140 236 46 241 305 211 337 86 380 93 222 223
388 263 29 287 424 427 442 450 455 334 470 217 474 477 93 95 222 351 360 112 118 119
388 196 37 132 8 488 490 74 84 374 279 441 92
384 393 395 14 24 157 292 164 40 429 179 53 193 333 78 207 83 339 85 342 344 216 94 353 108 240 119 121
390 266 12 398 421 166 173 302 176 179 52 437 184 443 316 188 193 66 458 466 90 218 248 353 102 231 245 376
258 136 265 139 268 271 15 146 22 151 158 416 298 429 49 434 309 316 317 325 70 327 77 463 208 470 218 224 482 99 363 370 115 498 243 247 380 383
134 390 270 273 281 26 172 174 181 56 184 61 447 321 322 450 69 326 77 78 337 84 213 475 223 225 101 362 364 374 377 381
497 484 470
139 368 337 370 443
390 263 266 11 142 272 18 148 405 283 27 168 298 171 176 178 435 307 54 182 312 187 193 322 66 454 198 200 457 330 201 471 481 482 365 494 114 242 125
391 139 396 273 146 149 23 163 167 173 302 449 202 78 470 342 478 101 108 109 367 113 244 248 377
138 273 408 417 167 428 46 302 431 432 55 185 189 200 72 212 340 342 355 486 368 499 117
