250 40
9 10 12 13 15 20 153 164 37 43 173 47 178 51 54 184 57 186 61 79 85 87 88 95 96 101 102 105 234 236 115 245 118 120
0 129 134 136 15 35 163 165 37 172 174 46 176 48 184 57 189 62 191 65 198 72 202 77 206 81 86 219 224 225 99 232 106 234 112 244 116 248 249 126
195 36 5 6 74 234 77 144 240 18 211 115 118 87 249 221 222 159
128 129 5 12 140 149 23 157 40 176 50 51 68 70 71 93 102 108 110 246 124
129 194 229 39 73 14 175 80 49 19 90 222 223
199 40 12 17 85 22 248 92 152 222
66 131 163 73 170 10 173 78 18 184 158 159
46 131 110
5 14 145 23 27 28 29 159 37 44 176 180 185 62 191 199 79 81 85 98 99 227
131 3 12 15 148 151 27 36 165 173 56 185 186 60 201 204 206 79 80 210 83 90 219 222 97 98 233 236 124
130 5 6 9 13 143 144 17 21 152 27 160 32 37 51 180 181 185 190 65 193 195 68 201 73 78 84 212 94 96 229 231 233 106 239 249
2 137 75 173 177 114 247 24 122 27
6 142 18 153 155 157 35 165 167 41 42 46 48 50 52 54 183 184 186 189 63 64 193 194 75 76 80 210 86 88 92 224 227 233 110 241 117 247 126
128 5 134 135 138 143 148 24 157 33 34 36 171 44 174 48 49 176 179 191 192 85 226 99 103 231 107 237 110 111 115
1 2 131 143 27 156 34 167 43 49 52 65 204 82 215 88 219 112 244
128 138 19 150 22 28 160 163 35 166 38 169 49 178 185 200 77 212 213 86 88 220 226 228 100 233 237 245 246 247 124
134 10 11 147 23 26 155 160 166 48 49 188 65 68 73 219 224 99 101 230 102 235 240 116 123
64 165 232 104 74 11 75 109 174 13 239 17 29 180 149 184 154 189
0 7 11 143 19 149 153 155 158 162 34 37 166 40 41 177 52 193 68 207 82 212 87 96 236 119
0 129 13 21 150 153 157 160 33 174 191 64 68 199 205 77 82 218 91 94 95 98 100 233 235 239 115 117 122 127
103 40 72 104 136 174 175 142 118
169 233 241 246 88
164 132 71 44 205 208 177 180 86 90 59
130 12 14 15 143 18 23 154 30 163 164 182 184 60 68 69 197 200 225 98 229 230 106 238 111 244 123
1 145 151 153 34 163 165 38 168 172 180 55 184 188 189 191 66 69 71 76 79 207 212 84 213 89 91 93 94 227 100 229 237 242 244 118 122 125
163 157
129 140 19 25 28 33 164 38 39 170 181 182 57 58 61 191 193 201 77 205 80 89 93 104 233 239 111 118
1 6 149 151 152 26 163 36 43 46 47 50 178 183 68 71 74 206 81 210 84 85 86 90 225 226 100 241 244 122
135 143 153 165 38 170 51 61 67 196 69 74 207 86 218 221 97 103 107 123
1 132 5 135 8 9 11 153 158 36 167 176 180 185 62 192 64 193 68 72 201 77 78 208 81 214 216 103 234 114 117 249 126
134 141 16 145 148 33 39 41 45 176 50 57 59 65 193 196 71 72 205 213 222 96 225 98 107 238 241 242 127
224 199 209 84 248 95
130 133 134 137 143 146 20 23 152 26 159 165 39 43 47 177 181 58 190 202 203 204 77 78 84 86 91 96 234 235 239 240 115 245 124
4 101 46 187 191
65 9 73 203 45 47 176 143 82 211 84 85 217 27 92 190
133 135 9 137 139 138 159 170 47 176 192 200 77 84 86 89 219 227 99 102 244 249 125 126
1 4 11 23 24 26 155 154 32 172 55 58 61 67 74 75 208 81 89 120 92 101 233 239 242 246 119 248 122 125
128 129 3 140 18 22 154 28 32 170 46 180 52 184 185 192 203 78 88 89 92 95 227 104 235 237 241 116 117 125
9 138 13 148 156 34 170 47 176 181 182 183 187 64 192 194 195 196 211 217 218 223 97 99 102 108 243 115 120 122 124
129 131 15 146 20 25 28 31 161 33 168 44 47 182 63 194 71 103 104 234 240 241 242 116 245 248