1000 40
588
132 7 778 651 525 142 144 528 915 531 921 284 159 928 674 548 808 939 941 942 175 48 186 192 210 83 596 341 217 351 871 109 113 499
520 649 13 915 154 287 553 824 192 706 194 710 713 598 727 484 868 101 874 749 879 497 118 889 891 639
548 472 137 683 459 845 334 15 366 17 754 564 184 575
99 844
385 903 143 407 665 798 160 161 298 44 814 50 693 55 953 955 701 61 65 582 591 723 852 988 353 867 105 495 754 379
523 46 723 536 538 735
513 961 334 303 687 751 208 791 412 26 732
704 742 426 430 302 633 378
387 393 778 777 15 147 921 410 923 672 802 808 555 50 948 564 821 441 314 443 958 67 966 459 334 468 597 858 347 736 483 103 109 238 113 882 375 632
152 32 39 170 813 820 311 320 707 965 849 726 599 861 738 354 357 869 234 237 255
516 11 651 652 273 531 533 664 282 924 669 934 39 169 815 946 563 825 835 839 78 207 83 600 473 90 356 360 499 757
642 387 390 135 393 525 911 919 407 694 828 957 703 194 586 213 98 745 493 750 246
608 322 739 582 363 883 407 569
710 554 428 878 276
202 944 24 729 858
2 11 18 277 23 153 800 296 298 172 301 686 829 450 967 968 458 588 590 847 864 870 487 616 878 241 627 244 126
387 654 17 539 284 157 424 821 571 63 711 327 71 84 733 614 621 498 124
643 515 395 913 785 148 798 159 415 289 930 936 176 439 188 956 829 584 329 328 589 333 212 860 992 617 237 880 241 382
136 457 556 460 750 911 592 432 561 785
260 900 264 524 652 785 786 531 27 830 579 328 339 89 858 347 867 483 229 228 873 369 251 767
576 352 416 771 709 460 653 270 142 206 18 115 373 858
256 773 794 565
640 864 386 260 389 70 968 713 939 684 300 607 428 798 127
609 581 328 235 815 669
899 510 661 545 34 35 162 165 292 675 423 300 430 942 700 702 63 959 322 68 204 333 207 81 980 726 992 226 995 232 752 624 758 375 633 890 381 894
1 899 452 707 615 8 585 650 106 528 209 595 443 343 603
824 808 652
386 773 267 907 417 166 298 557 435 829 967 971 467 858 995 621 622 368 627
450 325 934 733 465 123 699 223
520 137 653 789 922 667 804 39 169 943 563 950 311 824 721 732 351 236 755 891 894
864 803 900 550 108 332 703 50 17 341 506 668 670 159
129 673 99 2 226 710 645 997 457 332 910 815 400 818 468 534 924
675 420 296 523 240 23
896 519 9 778 661 279 157 548 174 55 185 825 826 833 200 459 587 344 731 734 747 373 629 761 507
967 206 559 723 211 411
385 774 903 267 916 801 548 301 562 445 961 194 707 451 449 584 712 464 339 853 597 121 996 998 878 369 629 761 891
513 130 654 528 784 402 669 32 423 686 816 50 435 180 692 947 195 976 464 82 595 211 347 219 93 992 488 364 493 622 494 749 370 371 376 507 510 895
901 262 270 279 283 541 941 708 71 840 967 83 852 86 102 232 364 628 253
128 384 771 520 394 403 149 535 921 795 287 416 799 930 166 814 948 822 951 573 830 458 202 860 350 224 483 873 361 491 236 493 366 367 114 755
