250 40
2 138 140 141 14 142 143 145 146 151 160 164 168 169 41 178 186 188 189 191 194 202 205 79 215 217 219 221 226 227 231 239 242 243 118 122 123 127
1 130 132 135 12 145 148 25 28 31 160 167 173 45 50 52 181 53 61 190 69 70 204 81 86 215 89 219 92 225 231 234 241 114 242 113 119 249 127
132 136 21 26 157 32 60 62 72 204 210 83 87 97 105 238 110 239 248 123
135 136 137 7 16 17 19 149 150 153 25 156 158 159 37 165 46 177 179 182 71 76 206 208 210 212 215 92 93 100 101 229 104 108 109 244
0 4 133 136 9 20 154 30 160 35 165 56 186 61 72 204 79 213 86 218 222 225 227 229 232 235 242 118 121
32 193 36 132 199 9 13 144 82 115 244 212 84 150 55 249 126
40 43 100
1 16 147 20 152 154 157 31 34 43 44 173 175 179 185 67 197 205 223 97 226 99 228 227 102 233 109 243 117
128 131 133 12 14 156 160 34 171 49 63 66 69 199 73 212 89 218 92 97 235
131 132 136 9 29 45 173 48 177 53 55 72 201 202 73 85 214 86 91 224 97 228 106 236 245
129 132 12 14 160 33 36 166 168 172 46 174 51 181 57 64 198 207 212 216 227 105 108 239 240
2 134 9 11 141 19 150 152 26 42 44 179 56 186 188 61 189 63 193 71 200 205 78 207 81 211 85 219 91 221 93 228 229 235 108 239 112 243 116 123
1 3 138 140 17 28 159 31 40 173 46 179 182 55 54 191 192 193 195 197 70 205 79 211 84 86 88 218 91 222 223 226 102 240 114
98 3 196 197 202 43 236 109 146 82 246 24 218
45 173 206 79 185 26 59
129 162 166 136 54 88 63
132
134 149 29 30 164 167 47 53 185 186 60 61 74 206 212 215 88 217 219 92 222 225 102 110 119 248
129 3 8 144 147 24 26 28 156 168 193 197 202 76 210 216 93 221 97 106 234 237 238 240 113
128 19 22 24 153 154 27 29 160 162 42 46 55 57 187 63 192 193 71 199 203 204 208 81 213 91 92 230 231 241
203 237 81 178 244 118
0 9 138 11 16 23 30 50 56 187 190 63 65 68 197 203 213 218 93 101 234 117 118 248 121
128 10 17 148 149 34 43 51 53 61 192 210 230 103 102 233 105 109 246 118
194 199 201 236 205 110 211 247 30
224 137 204 14 239 113 242 116 117 246 148 248 153 90 156
34 71 167 42 173 111 48 207 79 115 213 54 151 88 215 92 189
5 12 13 17 18 155 158 165 42 50 181 58 66 194 67 80 87 89 218 222 95 227 100 230 231 233 235 239 113 245 248
1 145 21 27 29 33 41 43 177 57 66 195 196 71 202 203 204 77 74 208 211 212 96 225 98 226 107 108 111 243 120 124
2 196 102 136 109 210 215 155
129 9 13 147 20 26 160 32 34 49 51 190 63 191 69 70 199 204 81 92 93 228 233 236 240 244 116 121 122
129 3 8 139 149 157 44 53 188 62 192 195 199 201 77 78 83 85 91 219 94 222 101 234 243 118
8 139 11 13 17 22 24 27 30 158 163 173 174 176 49 57 190 62 194 204 206 207 82 89 218 91 97 101 230 104 108 237 239 113 245 248 127
225 65 33 101 7 16 144 115 244 181 86 23 216 119 123 124 93 94
128 6 134 7 135 10 146 20 149 26 155 28 29 27 156 33 163 39 169 42 172 178 183 184 55 189 62 210 95 99 100 235 240 241 244 118 247 126
105 203 18 122 191
2 130 139 16 18 23 25 38 167 43 46 174 176 49 50 54 63 197 203 83 212 84 217 221 96 98 103 107 243
0 225 195 164 35 99 73 144 118 119 24
11 23 24 153 157 33 176 177 185 188 61 195 217 222 224 97 227 230 110
128 8 137 140 142 143 145 146 147 21 22 150 33 166 167 44 177 181 55 60 188 62 195 198 72 204 77 212 215 88 90 121 99 100 104 234 109 240 249 124
130 132 138 141 142 144 148 151 165 176 189 71 217 222 226 227 101 103 232