250 40
3 133 7 11 149 25 159 35 55 61 67 71 200 205 208 89 227 103 113 116 120 124
157 71
96 4 233 234 175 92
1 229 59 78 110 241 52 182 183 26 27 124 190
96 162 227 35 229 68 231 103 138 43 237 45 15 208 51 149 56 185
1 2 140 142 148 22 153 26 179 182 184 186 59 191 75 87 94 95 224 97 227 113 118 247
195 199 140 173 109 81 188 210 59 60 125
104
128 1 135 141 143 147 148 28 33 36 167 171 45 178 180 54 183 190 195 68 198 75 203 205 82 214 87 228 232 234 107 240 113 115 116 122 126
224 193 68 101 38 168 80 146 180 248
9 142 17 146 30 34 163 162 166 51 187 66 195 198 200 203 76 79 83 211 216 219 104 118 247
128 1 3 132 133 7 9 138 142 150 33 35 163 164 41 177 180 56 196 199 200 74 81 212 84 228 230 106 236 243 246 247
96 125
248 97 164 38 138 235 204 203 141 11 80 48 213 87 152 61 159
137 141 29 157 33 39 168 40 170 44 47 178 180 183 61 69 201 80 83 85 93 94 105 237 249
132 11 140 143 144 18 149 22 28 160 161 42 46 49 185 188 190 193 194 196 199 202 75 84 212 86 99 236 110 115 245 246 118 127
131 13 14 16 147 152 159 31 162 164 176 52 185 60 66 195 72 75 76 77 209 82 210 213 215 88 92 101 231 234 108 236 243 249 123 126
192 1 98 195 230 39 40 173 205 175 213 22 184 57
161 104 201 8 74 145 220 248 185 124
226 227 231 73 204 16 177 153 154 219 126
0 98 100 102 7 103 41 74 77 174 16 144 176 51 147 246 152 63
0 5 138 14 149 151 152 26 158 32 52 55 189 202 203 77 78 208 95 97 98 228 123
64 196 80 242 181 151 217 219 94
9 144 145 146 20 23 26 160 41 63 201 74 80 81 87 224 228 232 234 124
147 149 22 26 30 32 39 180 183 186 190 193 67 197 204 207 81 211 110 239 115 123
134 103 8 39 106 139 206 110 249
195 6 166 103 205 109 113 50 242 23 213 86 118 88 149 91 221
180 149 92
98 233 201 11 12 142 208 50 183 24 60 29 95
48 73
230 202 76 178 211 245 86 183 118 91 188 223
128 2 133 136 137 13 143 16 145 146 20 150 154 155 157 31 160 35 163 174 47 176 50 182 187 59 61 70 73 94 222 101 108 111 241 114 116 122
1 5 10 140 14 19 149 162 43 172 53 54 59 60 187 62 67 70 77 78 79 90 92 103 231 234 116 244 127
143 23 152 156 157 36 37 45 178 53 54 188 66 70 73 74 85 217 99 249 232 109 121 127
130 131 13 15 145 17 18 22 28 29 157 160 161 165 169 44 45 172 48 51 190 69 198 71 73 204 209 212 106 236 237 112 242 117 245 249 123
104 242 203 69
129 5 6 10 12 16 150 32 160 40 42 51 192 68 69 73 211 87 216 220 226 100 101 238 245 124
98 4 39 136 42 44 205 146 53 55 216 187 61 158
128 7 11 18 149 152 27 159 161 36 39 169 181 53 55 187 60 192 195 67 196 78 207 208 210 86 215 120 95 102 105 235 239 242 243 117 248 249 122 123
192 68 132 200 233 42 139 205 237 49 148 23 216 154 221