250 40
129 131 165 102 104 170 175 178 56 185 222 158
12 236 238 114 149 85 87
1 129 131 136 151 156 157 28 31 159 161 164 38 50 178 182 196 205 78 79 206 84 86 216 218 219 93 230 233 107 243 118 120
4 134 10 42 242 180 117 91 63
226 217 133 207 147 25
6 136 9 144 20 155 28 156 29 166 39 56 192 69 70 200 207 208 81 88 89 220 93 226 233 110 112 247 121
104 44 13 240 242 183 186 158 157 190
128 129 136 8 11 17 145 19 154 155 161 162 39 49 54 188 190 194 67 68 72 76 77 210 82 212 213 102 233 106 238 240 241 244 246 119 123
2 130 10 11 143 26 28 163 35 40 42 171 176 49 178 180 52 64 199 81 83 212 95 99 100 107 236 237 112 241
1 6 135 7 20 25 28 32 166 38 50 182 197 220 225 100 106 235 244 119
97 36 90 8 106 235 173 141 78 144 145 122
224 103 106 206 79 209 180 214 124
130 137 141 17 151 28 157 30 33 40 45 176 50 54 58 59 194 67 196 72 73 74 204 209 215 218 94 225 226 229 232 233 106 117 246 119 118 124
192 38 104 138 12 82 155 62
133 7 136 135 145 18 148 152 154 167 39 46 180 181 52 55 65 68 200 73 204 211 213 91 222 116
2 8 10 141 13 142 144 146 22 151 153 156 40 168 43 53 191 66 195 198 201 203 77 206 207 80 215 87 218 91 94 103 236 110 238 248 124
128 1 4 10 12 147 24 26 155 35 167 168 180 183 62 193 200 76 211 89 120 93 230 232 109 241 116 248
224 65 130 194 105 202 234 76 45 74 15 112 242 179 149 27 221
100 103 232 201 76 45 14 140 177 21 181 86
64 129 197 102 13 142 241 180 214 184 94
64 225 100 4 134 201 233 76 141 47 17 50 51 182 87 186 30
100 175
2 9 13 14 18 19 23 24 154 156 32 33 38 39 40 170 171 181 184 185 57 59 62 64 68 200 74 203 204 77 211 93 95 226 100 234 236 114
0 10 139 140 17 150 158 37 38 171 173 47 177 179 63 64 65 194 195 205 211 88 91 221 222 224 230 234 236 248 249
0 97 2 232 105 74 43 107 73 174 177 63 84 247 188 189 127
224 34 36 39 135 74 43 28 242 212 119 215 120 190 30
128 1 33 68 198 45 174 14 81 211 149 181 90 156
149 23 29 45 51 197 198 200 73 202 203 76 208 210 83 82 91 105 106 107 236 109 120 125
0 4 6 140 142 15 145 146 147 20 24 153 40 43 172 173 50 55 64 66 196 73 202 77 212 87 216 91 220 94 101 103 232 111 115 243 118
2 133 136 9 12 142 147 21 28 31 33 35 164 165 43 53 183 186 187 62 67 68 73 206 213 89 221 230 103 105 234 248 125
0 133 5 140 17 18 149 150 154 37 171 51 55 59 205 206 94 223 97 227 99 105 113 123 124
128 129 2 130 9 141 15 146 26 156 36 165 38 168 171 45 174 178 180 55 186 71 200 73 77 78 207 206 209 213 215 220 96 105 109 239 240 242 116
133 5 12 15 21 23 151 155 38 170 171 43 178 179 184 59 63 67 71 73 206 210 211 83 90 218 96 97 232 113 119 122 123 127
98 137 139 143 220 211 213 52 186 59 156 30
128 5 8 15 22 152 24 154 31 163 41 45 47 51 182 66 195 69 70 199 75 79 211 86 214 90 91 99 231 104 121 122 123 125
2 6 7 147 21 154 29 158 31 160 164 38 49 185 187 191 64 192 199 77 79 209 212 86 87 217 98 241 126
32 163 99 36 134 40 235 76 240 18 115 29
89 121 194 227 160 69 166 40 75 145 50 19 21 54 185 124 63 127
11 144 23 151 154 31 32 34 35 166 48 177 184 58 200 75 84 86 88 216 220 225 227 102 112 240 116 118 120
139 14 15 162 178 183 188 189 191 65 194 204 87 88 217 91 92 224 226 98 101 123