500 40
198 295 72 8 200 108 49 274 341 23 346
261 263 12 409 29 287 33 299 49 179 451 198 70 459 205 468 349 222 481 355 106 240 379
256 137 11 17 19 278 407 156 420 422 174 436 66 217 218 95 353 356 485 103
267 151 153 163 424 43 174 175 310 451 202 205 211 84 218 346 347 225 231 104 234 364 110 238 116 380
321 386 196 262 422 232 233 332 172 143 437 406 186 126
480 225 161 355 36 424 489 138 336 18 313 379 445 447
65 169 464 146 338 370 342 279 438 247 381 254
321 483 4 8 429 80 18 120 187 413
416 337 51 460
384 1 130 68 263 362 60 338 114 55 444 220 413
132 146 404 153 156 31 160 32 290 164 293 165 423 174 179 58 319 320 322 327 334 343 474 348 224 98 230 102 364 493 116 375
0 257 255 135 136 8 269 148 23 408 26 412 415 40 48 438 55 61 190 200 201 74 334 83 340 213 84 343 224 98 482 488 235 372 120 127
2 135 7 394 140 13 141 144 153 286 415 287 34 291 36 37 423 168 44 45 175 53 183 55 440 189 61 448 204 83 90 349 478 223 481 361 490 374 376 383
350 46 84 373 408 478 159
35 358 457 76 431 83 435 183 153 446
384 130 386 387 7 392 10 402 158 286 33 166 168 298 48 433 306 56 195 326 200 331 459 337 210 340 88 348 349 478 361 109 377 250 252 254
129 257 137 10 139 395 402 20 153 283 28 414 165 38 425 173 434 58 314 80 466 83 211 216 92 477 93 479 351 360 232 234 362 113 377
384 257 4 133 7 266 267 271 144 280 30 419 291 295 173 176 304 51 53 438 185 189 445 192 201 74 202 336 341 343 349 482 483 357 103 365 495 113
416 26 164 452 454 361 9 107 410 434 343 378 317 29 318
288 418 452 389 456 247 428 108 12 463 177 433 307 438 183 121 123 191
192 129 128 226 425 42 11 271 15 242 437 88 61
16 401 20 23 30 158 419 167 427 428 173 302 172 299 311 183 189 63 462 343 361 495 241 498
205 281 164 469
100 103 177 18 275 147 56 473
1 387 133 391 404 277 281 414 35 36 172 176 50 180 311 441 60 321 451 455 333 82 219 94 222 486 104 110 497 249 126 127
362 395 74 430 400 307 52 213 216 411 414 127
256 6 136 271 145 274 276 282 155 410 287 294 176 317 68 453 202 463 336 337 466 471 88 217 89 91 348 90 231 488 105 236 366 379
386 6 15 404 149 405 29 286 285 34 39 49 307 52 55 187 64 70 198 83 85 90 474 353 232 106 244 117 123
34 358 332 241 310 89 411
367 112 465 280 94 314 158
386 66 36 421 13 430 464 337 306 374 119 123 252 126
64 385 355 228 135 366 272 466 148 181 470 314 59 380 189
142 144 19 22 25 26 155 27 158 160 34 419 169 298 438 314 187 188 443 452 73 202 342 350 362 108 496 241
134 393 13 274 408 283 286 161 171 428 430 309 318 67 199 200 334 467 94 95 479 357 102 109 112 497 243 119 123
384 271 143 404 277 281 409 155 283 28 30 285 160 289 156 40 44 444 317 319 196 464 209 336 471 88 476 478 480 353 104 361 491 236 118 249
268 402 275 21 24 282 31 293 426 427 299 181 313 187 446 448 195 81 339 470 217 484 111 241 115 373 377
385 267 414 162 425 171 174 432 307 180 184 447 193 199 73 458 78 79 212 213 88 477 95 353 481 230 244 117 116 249
389 271 147 150 280 410 417 419 308 315 321 196 71 329 204 337 211 467 469 86 347 222 351 357 230 104 366 380 250 124
129 389 261 394 266 267 140 20 408 163 421 168 170 49 436 310 315 189 196 68 198 199 75 336 342 471 473 90 91 478 224 355 483 235 364 491 240 244 374
387 131 389 391 407 280 25 410 157 30 29 162 291 164 425 42 171 178 442 443 321 71 73 207 336 466 99 100 485 233 491 110 495 498 127
