1000 40
10 270 406 796 548 818 691 697 710 720 736 225 484 999 361 107 246 891 508
896 3 646 137 656 789 920 153 280 290 168 426 815 187 321 327 712 328 460 82 603 94 995 739 235 753 511
290 131 809 75 588 430 47 23 59 988 957 862
16 531 404 536 677 937 810 944 822 315 699 321 580 973 719 208 466 89 607 365 117 638
874 958 750
777 660 156 158 803 805 296 942 819 57 62 836 582 978 215 603 732 738 872 747 879 498 762
203 655
641 261 517 786 923 924 156 803 165 311 185 702 62 706 962 583 712 589 338 468 472 729 862 611 740 361 618 251 753 123 126
128 768 643 644 777 267 13 783 529 659 152 29 32 418 165 806 681 298 67 967 840 73 726 600 859 609 358 744 238 757 632 250 893
769 3 329 427 335 143 146 726 247 351
952 842 104 421
257 899 5 395 399 660 917 292 428 560 561 57 577 194 586 587 975 338 467 981 734 97 356 229 230 106 108 237 111 240 625 371 380 636
644 261 646 135 775 267 908 780 655 279 26 671 928 289 416 550 295 562 436 311 710 969 714 589 207 720 862 235 880 252 383
0 904 409 286 417 165 816 577 835 712 841 458 592 210 853 857 357 636 894
2 9 521 15 272 21 543 419 293 294 939 439 448 578 966 840 846 84 469 982 346 867 995 613 249 507
0 640 898 9 652 146 530 20 533 662 28 927 932 678 807 424 554 44 47 58 701 193 583 206 595 860 610 228 999 232 746 496 626 629 630 507 757 891
129 2 643 644 134 395 908 270 531 150 537 924 802 293 553 171 301 305 51 194 834 453 454 711 587 331 717 467 726 217 248 353 996 487 619 497 755 120 251 892
32 465 987 511
900 903 267 531 793 931 681 429 559 49 694 187 827 719 465 598 857 605 96 481 101 107 508 767
578 162 325 230 489 458 397 430 653 210 468 830 191
384 901 790 537 410 412 671 935 167 60 318 831 706 324 69 589 727 613 747 112 371
387 5 906 400 402 149 278 929 547 420 683 685 46 814 942 955 61 579 708 580 848 723 214 861 735 866 617 106 363 759 508 765 126 895
642 774 653 530 403 150 154 412 544 929 419 169 556 174 175 56 57 570 317 840 843 980 986 225 482 616 489 749 241 884 373 631 254
768 644 907 785 403 546 930 423 40 809 172 45 819 563 949 825 703 458 587 844 333 334 336 723 596 598 983 92 220 96 737 482 231 362 760 380 125
418 452 644 582 750 112 337 849 148 792
901 134 651 278 157 289 34 676 682 557 431 432 943 947 948 693 60 316 956 195 579 467 597 226 998 620 109 881 244 373 246 503
898 419 868 195 875 396 878 251 369 210 149 790 57 603 444 157 926
899 652 524 271 21 278 155 541 545 937 426 946 434 692 690 438 182 574 191 190 456 841 714 586 717 471 216 473 983 349 734 864 97 354 358 112 895
128 135 520 403 533 407 412 674 167 303 307 56 571 573 829 338 732 989 615 365 762 252 766
898 419 361 652 750 371 980 952 281 602 412 94 479
204 929 803 420
643 771 389 390 261 653 909 664 921 540 543 932 809 560 817 691 310 569 697 315 959 448 191 65 712 588 848 617 622 503
593 300 957
583 937 586 718 952 346 286 255
262 907 780 14 19 661 153 666 33 801 306 701 62 322 584 713 605 98 241
229 837 746 718 302 976 529 405 86 985 90 411 412 765 478
772 69 105 791 205 881 242 915 792 469 213 85 824 409 147 88 156 447
521 777 400 786 151 283 166 683 939 816 181 315 572 588 847 464 483 619 492 621 885 890
833 683 621 753 117 629 342 218 475
512 385 260 516 8 521 786 666 539 413 35 936 170 303 568 570 827 698 451 72 587 75 84 980 598 94 607 479 614 237 885 886 631 121
