500 40
16 274 275 406 42 432 433 181 329 338 339 211 216 345 219 364 365 240 382
260 391 146 278 407 281 283 29 289 419 430 303 433 306 52 309 188 445 189 319 65 457 332 78 81 86 92 479 224 223 354 99 360 372 245 126
192 417 4 356 70 327 457 75 43 270 430 462 209 469 341 184 217 412
256 261 6 138 17 408 27 295 426 47 438 189 321 85 98 240 369 498 374 379
262 11 13 403 279 408 282 428 434 52 181 191 63 447 194 456 201 334 210 349 353 485 361 489 364 113 372 373
0 133 135 264 7 136 12 19 149 287 291 423 187 191 64 67 455 200 88 90 221 108 237 111 112 498 371 246 121
132 266 16 284 289 43 174 185 442 62 319 196 87 476 221 479 366 249 250 126
274 276 281 283 38 423 49 182 55 317 321 461 336 210 468 218 353 229 235
449 350 481 99 388 486 362 401 307 245 438 30 186 380 254
0 262 137 140 269 144 273 18 19 20 279 156 412 416 163 424 298 299 300 172 176 305 309 54 441 58 443 203 463 88 353 356 486 496 247 377 251 125
385 257 131 388 392 398 20 405 24 412 413 31 160 161 295 426 304 50 55 441 313 322 450 70 327 205 334 83 340 217 93 226 229 362 494 246 251 382
260 398 401 408 419 421 38 177 178 184 440 321 325 330 332 333 215 349 93 230 105 490 363 372 119 125
128 5 391 398 144 416 38 298 430 48 308 451 218 476 348 357 241 373 254
257 387 389 261 391 133 137 394 141 278 279 409 290 163 420 295 306 179 51 55 56 187 191 450 453 455 206 335 94 223 96 351 226 482 359 236 493 237 247
96 322 7 428 15 114 437 251 348 31
0 390 265 138 14 17 149 21 155 284 295 46 303 432 49 307 437 182 55 188 317 450 465 84 89 99 486 235 236 244 119
388 261 391 393 138 18 403 410 32 416 291 36 293 425 169 302 47 433 310 439 186 187 320 197 457 203 83 473 483 101 490 107 492 499 244 373 247 249 380
384 3 387 135 15 16 274 406 280 155 28 419 45 309 183 440 193 450 67 197 77 208 466 90 220 476 94 353 487 359 361 362 363 109 372 119 123 382
417 389 422 391 79 406 119 62 247 190 159
64 481 439 387 356 99 39 490 364 303 144 336 306 311 88 185 59
195 235 237 334 432 241 55
256 268 147 404 279 155 166 295 294 299 172 304 52 311 441 186 189 69 455 200 72 75 76 461 79 463 344 89 218 100 105 494 495 245 118 376
377 477
384 257 134 391 136 138 268 397 142 16 20 154 285 31 32 419 421 41 169 172 434 53 182 58 205 477 122 231 488 230 107 378 496 117 250 125 382
257 2 135 17 21 281 282 30 419 39 170 440 59 194 455 76 218 478 361 245 121
0 4 136 266 270 398 147 276 21 278 283 27 288 162 35 422 423 170 173 48 309 189 446 191 69 71 72 455 461 229 486 490 491 108 499 371 374 125
296 342
397 13 15 14 150 411 158 423 49 178 56 190 192 67 198 329 79 464 209 342 217 99 489 239 498 124
456 265 27 331 140 173 110 496 243 340 473 219 188
444
64 97 291 293 421 456 364 269 398 108 140 340 54 343
121 482 260 39 168 71 313 75 76 461 235 399 180 375 184 473 378
3 189
134 266 20 25 35 425 173 319 321 325 71 456 75 208 470 344 474 247 93 349 353 488 490 374 375 383
422 489 140 206 48 336 115 245 439 152 187 29
387 269 400 144 291 37 167 297 41 299 432 55 329 74 337 82 467 87 218 476 348 477 489 362 239 369 115 371 119 249
293 101 263 265 11 299 235 44 309 310 118 472 478
32 320 487 493 206 366 346 142 188 302 407 248 26 476 120 29 351
388 293 104 203 268 251 15 241 84 85 374 377 411 63
384 386 391 135 265 16 407 299 181 183 318 67 326 199 456 334 214 344 216 350 96 97 484 101 360 107 127
