250 40
32 165 101 8 106 74 205 210 87 24 185 120 31
186 4 135
33 99 163 195 166 241 146 115 82 55 243 247 56 217 125
7 11 12 139 146 28 158 173 179 51 59 63 209 97 99 104 241 243 124
5 135 143 144 28 162 164 37 166 38 41 184 186 187 60 191 64 65 195 67 200 80 84 213 216 90 95 224 97 103 234 107 237 112 114 117 247 249
2 130 136 138 139 15 16 18 151 154 155 30 33 37 170 171 47 177 50 179 61 191 195 200 73 77 84 92 93 97 240 246 124
132 8 138 11 147 148 156 167 47 176 182 63 192 200 202 83 88 219 92 93 100 115 245 117 124
120 170 11 44
191 2 195 198 70 135 59 207 208 151 24 153 155 124 126 159
0 137 11 152 153 162 164 47 184 61 67 205 207 213 89 93 234 237 244 121 122
128 65 98 100 107 203 110 145 120 188 93
1 4 7 8 9 137 139 11 135 12 143 151 156 33 164 39 46 178 183 56 59 77 79 82 213 90 219 221 94 225 235 111 112 113
2 5 9 13 18 147 20 21 157 34 35 40 171 52 182 54 186 65 193 69 197 200 74 205 78 82 211 87 216 217 91 230 107 235 109 112 248
128 7 17 146 20 157 46 193 67 209 210 213 86 93 222 96 103 246 127
0 67 68 69 135 39 42 171 107 138 174 145 19 155 29
197 37 74 240 49 242 84 222 31
132 4 139 11 151 34 47 176 178 54 183 193 65 195 196 72 89 222 95 227 105 242 243 122 123
230 172 76 108 210 54 23 246 151
128 6 171 48 51 52 53 63 192 196 74 75 205 88 221 227 230 232 108 241 242
132 143 145 146 21 159 32 163 44 48 49 52 56 57 66 220 231 241 118 120 123
0 137 11 140 15 16 18 155 160 164 165 170 45 46 173 50 180 182 184 58 188 189 66 71 201 202 76 78 207 206 81 212 86 90 224 109 126
227 58 72 105 75 13 79 209 50 242 23 117 151 90 247 220 158 223
6 138 141 147 154 164 39 41 56 60 62 66 71 201 205 85 88 90 220 96 98 108 113 117
132 45 110 149 117 127
229 134 69 233 13 206 47 146 211 52 23 155 159
131 134 8 14 17 19 149 22 152 153 25 156 30 158 160 159 35 45 179 53 181 185 58 59 65 68 196 74 205 79 84 99 228 227 234 235 241 244
128 9 142 17 23 153 26 160 35 39 40 169 174 46 52 67 199 72 201 210 212 87 219 220 222 229 118 249 124 127
169 44 95
147 148 28 157 163 37 41 170 169 177 55 189 66 209 84 214 87 92 221 223 224 99 230 110 240 112 126 127
171
160 131 42 108 44 60
224 6 135 44 50 115 18 150 57 59 30 63
240 209 244
0 130 13 26 158 34 36 165 170 182 195 70 79 80 88 92 225 226 230 102 236 127
0 5 138 139 140 141 14 143 144 17 147 25 155 43 45 174 48 56 196 80 211 89 221 109 121 124
10 109 45 138
38 135 110 46 17 18 243 52 86 182 184 122 61
8 48 32
64 199 139 45 176 83 187 124
64 99 132 6 13 14 146 51 52 215 153 29