250 40
97 68 165 102 103 197 137 201 172 205 145 20 25 26
128 4 12 143 144 146 156 43 44 49 177 181 56 62 192 66 203 206 208 211 86 218 222 94 223 98 228 232 104 113 114 243 248 127
128 144 150 24 27 159 163 165 167 171 174 178 51 52 196 197 198 202 203 208 210 211 84 216 220 94 223 95 225 227 100 101 104 105 237 240 114 118 120 121
2 34 135 52 247 89
14 153 27 33 42 45 174 47 49 51 184 186 73 202 210 211 215 91 93 95 100 229 231 244 121
1 3 5 6 138 143 19 22 30 158 32 165 166 167 43 175 176 47 180 182 184 59 188 66 198 202 203 82 83 86 218 223 103 106 107 108
34 98 178 189 221
227 9 12 13 207 16 239 114 146 116 53 115 184 62
128 3 5 6 8 9 11 16 23 158 32 161 163 37 39 41 46 175 47 180 56 190 191 192 199 81 214 220 92 96 104 234 107 115 247 249
8 138 13 143 144 19 23 151 29 30 159 34 36 165 166 179 184 187 189 63 196 197 70 68 201 202 76 84 213 223 96 230 231 103 104 237 112 124
0 6 7 138 140 15 147 154 36 169 43 48 176 54 55 185 59 61 64 198 71 199 73 202 75 205 206 77 209 82 90 221 94 223 102 236 113 124
37 103 136 41 234 235 44 204 80 242 82 118 182 153 63
130 138 147 26 164 168 41 173 56 72 203 75 77 206 80 86 218 94 100 105 242 125 127
131 139 142 143 21 22 152 185 67 74 77 205 210 84 85 223 96 227 232 108 110 115 122
2 139 142 15 16 17 150 22 153 157 161 34 176 178 52 184 192 66 69 70 205 83 84 85 92 222 233 234 235 237 111 242 119
138 32 169 45 47 51 182 191 70 75 79 80 81 84 212 215 216 96 100 228 117
0 5 134 143 28 30 161 34 164 169 43 176 49 53 57 192 66 67 68 73 204 205 80 82 83 220 95 96 103 106 235 107
3 35 101 134 71 4 135 234 169 140 109 175 51 244 211 56 122 223
139 11 14 149 24 28 31 33 35 174 49 179 53 183 56 187 195 70 199 72 200 204 206 78 208 82 87 89 91 92 222 229 234 111 243 248 126
128 130 139 141 142 13 16 146 147 152 25 27 156 157 34 37 39 42 48 177 52 188 62 190 197 70 199 69 73 75 205 78 206 80 81 83 85 89 227 235
2 4 6 135 136 7 139 12 11 152 158 159 30 164 37 43 46 175 55 56 61 189 191 64 65 71 82 212 217 93 98 232 107 239 243 119 249 124 126
80 27
129 2 4 8 9 141 22 27 159 33 39 167 172 174 176 177 50 54 55 190 191 193 194 67 69 70 74 203 204 77 221 98 103 238 239 118
104 10 140 78 112 116 60 221
160 225 130 162 99 64 105 236 46 79 110 17 181 182 246 85 123 158
128 1 129 13 17 20 22 36 37 43 172 173 174 45 48 179 55 186 198 72 203 76 79 207 219 224 111
0 136 142 18 150 153 164 39 169 170 42 51 55 61 193 65 199 72 209 213 86 221 97 231 233 239 244 117 120 122
131 6 9 10 14 15 18 21 156 159 38 170 44 175 49 177 55 60 210 83 211 86 215 216 89 92 97 100 105 106 239 242 243 245 124
35 199 74 138 170 144 180 183
194 75 44 77 206 120
12 142 150 154 27 32 35 166 167 42 171 45 48 54 182 55 61 192 64 194 196 68 70 204 82 210 86 91 223 96 224 231 232 233 106 103 237 127
168 105
129 5 134 7 136 148 150 22 152 153 26 157 30 32 35 172 51 181 53 187 71 77 78 207 83 215 90 224 226 227 238 111 242 125 127
161 26 201 137 45 51 213 214 216 249 122 190 30
128 3 5 7 144 148 26 157 35 164 165 36 166 41 174 175 180 55 56 58 193 199 200 72 75 76 85 214 89 90 91 92 217 94 223 101 235 236 237 120
121 131 196 233 108 46 144 147 22 87 153 58 189 63
135 9 12 140 143 144 145 152 154 155 28 158 160 34 41 46 48 183 184 62 193 194 197 201 98 229 104 236 241 115 120 121
36 170 112 94 186 155 62
0 136 12 16 145 21 23 24 28 159 160 168 46 176 53 182 187 66 196 69 75 80 211 88 223 100 102 239 112 111 242 124
10 138 142 16 150 27 33 163 45 47 51 183 57 61 65 198 199 202 213 93 223 96 227 102 240 242 125