1000 40
641 643 262 263 526 916 895 920 667 283 540 933 167 814 53 185 826 699 190 318 448 328 588 722 339 984 604 735 483 871 235 240 626 507 511
641 132 8 137 905 272 145 403 149 534 408 934 300 812 558 559 438 58 448 580 712 72 330 591 848 727 987 865 356 742 490 747 621 112 120 507
225 612 7 296 682 45 149 504 349 223
263 905 16 273 662 546 420 423 173 179 309 191 705 706 464 465 597 598 469 729 100 366 244 375
771 779 140 527 786 424 433 821 565 977 342 221 479 992 999 375 253 382 127
69 170 460 45 750 143 976 466 499 852 212 693 184 635
713 395 108 404 541
384 385 389 398 277 920 666 26 290 165 423 682 945 438 55 570 955 956 701 967 840 712 713 332 464 859 604 992 98 106 363 492 493 883 886 120
899 7 906 783 275 794 670 546 42 198 584 332 847 339 724 212 214 89 604 992 108 122 255
775 648 393 14 655 784 656 275 787 162 549 807 936 45 53 951 59 325 74 714 846 335 848 981 725 860 220 349 482 357 489 108 621 625 499 244 377 123 636 509
289 452 101 743 811 460 879 787 660 373 790 758 794 796 413
69
771 647 665 26 670 798 551 553 45 178 309 442 702 960 721 348 862 479 999 116 639
768 779 655 158 671 160 800 547 807 169 425 559 437 829 318 327 967 333 336 732 990 991 495 498 500 246 759 758 252
770 803 4 422 351 331 492 108 558 147 724 597 244 154 988 95
896 130 772 774 649 9 526 916 22 539 811 816 952 446 714 846 340 855 97 615 122
389 775 903 139 524 399 15 147 26 30 162 421 423 808 42 48 177 833 709 69 587 845 86 470 986 860 988 864 608 101 108 877 752
736 160 34 647 313 797 683 716 461 784 625 565 790 441 570 957 639
772 773 778 525 654 399 912 21 537 29 419 804 37 809 42 173 685 559 944 562 565 567 57 61 446 831 458 206 722 86 603 992 610 741 744 754 627 371 639
132 774 135 264 784 912 152 793 413 929 164 678 298 685 693 441 450 707 710 327 200 199 587 588 975 595 854 857 731 991 356 363 493 245 758 246 249 509
50
134 908 13 529 914 275 17 27 417 801 675 932 676 938 42 814 303 690 437 442 319 837 327 717 724 88 222 228 356 107 494 110 753 498 635
161 891 100 136 205 272 18 726 951 728 90 411 62
516 646 653 531 545 35 939 558 559 824 959 833 706 336 209 595 218 605 993 227 101 872 244 887
644 5 518 647 141 781 398 402 795 925 161 675 39 425 430 432 181 183 60 573 321 580 709 454 327 200 717 462 467 599 343 607 489 237 242 247 639
640 129 773 393 907 398 660 788 683 431 433 947 569 960 455 583 73 208 337 346 858 862 102 496 627 756 886 511
5 8 395 659 917 408 801 294 295 42 312 701 578 984 91 223 352 737 231 745 628 502 120
128 393 661 790 22 664 410 283 36 936 811 686 48 692 311 186 191 322 450 970 720 852 982 604 501 885 632 382
513 901 778 148 921 671 672 802 931 297 938 46 687 179 310 953 441 334 81 978 726 471 734 96 736 610 99 874 746 622 367 880 496 754 371 629 502 763 636 127
994 902 552 909 944 959
289 708 486 231 328 168 775 587 395 551 559 16 208 20 408 57 222
806 935 435 436 536 91 541
777 538 289 682 686 692 822 315 959 326 729 353 742 496 497 374 636 253 638
512 640 132 134 393 12 526 149 790 407 152 672 673 930 802 300 47 817 310 312 827 703 575 963 709 714 75 215 858 861 863 864 97 994 614 616 745 510 127
995 190
804 615 915 56 507
636 382 262 522 914 18 916 278 409 926 932 421 427 45 182 441 830 959 321 836 587 460 77 588 212 983 349 229 871 109 884 375 251 124 126
1 803 900 324 708 810 586 972 204 848 209 691 245 985 90 509 990
129 587 85
10 804 789 263
