1000 40
387 390 765 10 524 909 270 143 788 152 666 542 415 672 932 555 945 563 828 189 317 334 467 733 996 245 247 122 379 125 382
4 394 14 917 150 152 921 666 32 928 547 298 307 567 443 701 574 575 704 65 198 327 840 73 201 973 79 81 979 212 737 239 760 120 890
262 391 779 524 280 800 674 818 309 822 697 705 966 721 849 213 599 474 610 368 756
736 257 965 935 233 138 396 909 495 657 338 115 379 85 475 991
0 904 393 778 525 530 928 673 423 70 711 968 591 230 999 616 490 886 248 633 635
98 357 934 166 487 250 587 141 917 87 152 634 223
129 643 4 772 510 661 800 161 33 931 293 47 817 562 698 191 448 323 198 456 587 331 846 78 208 466 853 983 349 121 509 382
641 518 519 648 395 542 927 418 419 291 546 936 556 569 698 442 834 325 86 250
930 615 999 331 908 429 337 470 566 89 250 475 92 894
609 355 899 811 524 951
900 7 529 403 277 536 419 292 291 807 171 940 833 834 459 715 78 84 597 731 860 482 358 108 367 240 625 879 246
519 265 268 398 529 539 285 670 30 675 552 427 445 64 65 582 711 75 588 337 852 345 737 483 619 748 237 880 373 632 762
914 789
362 43 626 308 440 505 474 604 253 127
234 107 620
1 646 895 409 161 547 942 817 320 65 962 707 838 199 582 846 80 981 860 992 482 741 616 503 250 508 639
389 6 7 648 272 400 276 280 155 28 32 558 49 817 563 201 74 81 211 343 730 603 92 865 739 612 102 624 253
833 741 903 330 562 341 55 860 158
514 683 980 85
768 270 142 767 158 161 931 166 678 41 556 306 436 314 962 584 73 465 852 733 351 482 995 232 364 493 366 757 765 766 639
257 2 772 261 134 521 906 397 17 537 924 668 675 810 942 945 52 184 325 966 200 842 845 593 728 91 101 229 871 366 111 752 252 884 886 505 892 125
912 412 546 939 429 816 953 445 842 717 590 89 228 742 618 623 370 373 502 247 890 252
514 903 144 19 541 798 545 418 931 293 430 816 693 955 68 709 717 591 729 220 604 606 93 996 869 497 246 249
774 775 10 16 665 42 44 693 573 318 831 714 331 842 202 972 79 976 592 470 727 88 874 752 762 381
513 387 261 6 397 781 402 660 790 792 928 160 549 165 678 37 41 172 816 564 438 713 723 987 227 741 229 615 237 368 753 757 502 894
672 99 454 295 904 169 905 718 624 754 946 920
905 906 13 146 917 407 151 159 421 297 425 41 46 817 186 315 187 448 194 327 71 469 93 97 867 483 485 746 507 252
514 391 401 274 404 276 412 925 413 928 677 550 809 553 559 820 564 54 183 314 323 202 74 459 336 593 341 216 857 474 353 996 372 501 244 126 638 127
896 260 517 520 9 776 18 800 424 688 818 308 314 187 195 717 337 467 212 88 222 479 225 481 871 360 508
101 775 892 606 269 878 657 51 117 412 254
774 271 663 42 444 72 969 332 728 222 482 355 869 104 494 623 890 380 510
64 449 162 327 203 272 434 436 949 470 248 382
932 936 72 392 619 652 360 558 302 690 946 914 213 373 981 374
664 282 924 932 427 946 438 62 447 190 577 590 209 83 861 863 496 756 506 511
157
259 520 136 906 278 664 281 540 35 555 556 50 179 700 192 840 585 988 610 995 494 496 244 380
514 131 515 7 904 136 138 657 531 663 791 284 156 159 800 44 688 313 698 64 322 323 452 839 214 345 219 92 734 740 487 236 238 494 247 632 121 638
900 774 7 268 913 916 279 667 548 549 168 299 53 949 573 702 328 75 978 212 342 87 990 737 230 102 878 250
2 387 134 659 19 665 921 281 544 294 38 169 42 811 810 428 946 564 446 318 76 206 465 82 727 990 997 753 118
130 905 275 410 28 413 546 163 930 296 426 46 47 567 440 442 325 965 589 590 463 474 348 868 361 234 111 497
