500 40
312 325 134 295 329 106 142 19 275 405 278 150 308 281 307 91 63 351
33 388 232 42 209 241 370 340 113 245 248 57 189
384 2 137 396 143 401 155 163 425 431 305 435 181 61 323 68 324 199 92 223 481 236 494 240 112 254
162 227 133 272 19
229
10 258
259 135 138 268 16 273 148 149 154 29 160 425 176 307 51 186 59 443 317 445 319 446 451 452 195 72 459 470 343 97 226 481 486 233 365 496 116 254
161 418 262 73 489 474 274 186 95
259 261 392 11 268 17 281 411 32 424 175 307 443 190 193 196 68 458 211 469 219 479 101 106 111 496 121
385 261 134 19 405 24 281 156 419 421 311 184 320 207 84 212 342 87 88 468 226 104 105 361 235 251 240 371 119 250 123 382
6 146 150 410 411 30 427 189 63 449 461 340 342 87 348 485 230 102 491 237 111 369 242 241
19 161 168 169 51 308 181 312 56 190 464 471 475 480 482 487 106 365 496 113 120
192 292 72 360 174 79 209 338 408 154 411 316 191
133 103 424 201 104 396 495 368 17 209 467 434 376 89 379
325 293 143 17 19 468 54 472 190
353 322 387 453 5 139 459 365 237 235 272 432 208 436 252 381 222
256 1 40 77 366 207 16 206 18 114 52 181 116 215 88 497 474
259 135 140 142 15 400 275 405 158 417 291 420 429 51 307 52 438 440 184 188 194 322 196 453 199 458 342 471 474 475 484 356 102 358 489 492 247 380
387 4 133 141 398 282 156 295 433 57 316 323 73 466 92 481 489 364 373
262 264 137 140 397 270 14 280 410 158 32 160 290 296 302 177 441 447 456 82 468 215 474 219 229 106 239 111
128 292 463 18 84 94 378 446
259 387 5 261 21 22 405 158 286 32 419 291 423 171 180 316 326 454 455 334 464 87 472 353 98 355 484 486 232 237 109 493 242 117 123
3 4 390 391 139 17 146 281 174 305 50 189 65 463 335 337 478 97 105 491 367
352 66 482 424 365 110 370 275 278 346 414 287
4 8 393 399 275 409 283 293 42 433 179 441 316 319 198 206 462 473 359 238 240 245 121
195 68 327 11 76 139 302 347
130 3 134 392 393 137 14 271 400 273 274 276 278 151 39 168 425 44 172 46 176 177 180 441 317 330 461 77 214 473 90 225 228 103 360 105 235 236 367
16 22 279 280 416 34 172 440 317 68 70 81 84 343 89 217 475 478 378 383
387 390 391 264 266 144 149 150 410 28 294 43 308 182 184 313 187 317 319 65 209 82 466 350 103 360 106 494 117 124 253
13 272 145 19 278 414 289 162 418 426 298 177 434 64 203 214 356 101 240 370
165 103 45 401 436 54 281 383
135 267 11 18 407 284 29 161 295 297 427 55 440 57 193 196 197 74 332 77 465 83 339 471 486 105 107 364 494 378 368 370 250
192 421 370 184 186 188
258 265 139 396 277 22 25 282 419 297 41 427 46 175 434 441 188 317 200 74 202 79 467 211 347 92 98 356 357 484 106 240 249
6 397 378 398 464 443 56 218 347
193 132 36 489 409 57 82 466 308 19 247 24 281 122 375 319
226 100 293 420 198 427 460 493 120 152 179 216 124 125 159
259 451 185 233 330 107 44 42 499 84 437 22 409 378 27
259 8 12 141 398 268 39 171 300 47 434 55 316 189 444 453 468 342 351 381
384 97 418 228 198 297 427 299 77 466 147 342 378
