1000 40
136 650 14 783 408 796 944 950 957 330 605 611 997 490 747 498 117 373 246 377 379
2 965 73 617 523 725 537 479
449 738 419 167 104 458 202 972 621 429 815 237 656 980 830
130 899 269 399 16 400 661 790 280 156 926 289 163 420 808 43 556 303 179 566 832 194 454 332 83 339 216 480 489 368 373 374 760 635
387 515 134 264 400 660 789 283 284 37 933 681 813 302 303 178 54 951 55 317 72 332 461 209 340 983 730 480 992 866 611 484 230 615 113 118 758 253
129 132 511 911 276 539 164 422 809 690 570 964 328 463 336 469 226 869 997 120 891 510 255
898 906 784 529 530 915 542 291 165 942 175 174 177 702 585 971 334 207 976 223 486 621 761
128 256 386 134 8 19 152 538 926 670 929 162 676 294 935 551 297 310 951 195 458 460 846 79 592 82 93 868 872 233 247 889 895
896 897 257 899 259 902 778 11 15 272 529 26 162 554 944 48 304 52 567 445 835 971 980 725 476 860 736 866 997 878 367 368 629 247 376 378
516 234 557 721 146 566 54 924 606
897 388 269 530 790 535 536 282 154 411 415 290 803 550 806 813 47 63 457 841 718 720 721 722 987 483 612 613 101 234 746 621 750 626 504 633 378
384 198 841 243 89
836 200 968 398 47 80 275 219
256 5 232 635 745 619 906 20 53 630 855 853 699 317 382 763
193 929 956 555 941 336 49 185 379 380
384 673 772 553 458 411 853 730 251 92 253 575
129 385 390 6 652 528 530 149 542 162 292 164 551 181 697 699 722 340 470 343 608 868 996 743 360 872 118
265 783 785 544 934 173 305 949 310 312 186 444 572 192 961 706 972 589 982 855 600 342 478 99 485 243
425 243 282 380 222
619 651 269 525 396 342 22 603 349
416 385 514 928 452 583 680 39 670 909 623 568 797 286 607
290 452 232 906 683 44 974 275 532 214 825 222 95
19 408 27 806 561 182 310 698 194 323 454 969 843 82 213 346 96 225 748 382
579 870 70 105 396 366 206 272 560 531 660 373 918 246 949 180 767
448 710 231 39 495 562
641 9 490 491 747 108 670 59 722 245 375 216 283 311 318 863
263 648 405 920 281 25 36 550 554 939 47 945 693 440 445 702 197 725 731 227 100 871 491 876 508 380 767
352 1 483 420 804 101 644 710 452 195 436 856 633 31
2 651 909 272 145 287 801 164 677 684 812 304 52 571 318 575 190 453 838 582 198 333 846 466 338 213 220 988 476 478 224 739 505
0 801 865 421 38 645 41 76 656 946 567 249
645 137 909 19 661 895 281 793 285 418 419 677 550 553 45 814 432 177 306 563 437 316 833 194 841 206 341 470 120 351 865 875 110 757 632 127
643 764 771 137 13 526 787 279 674 422 42 43 298 941 47 433 568 569 448 64 579 717 845 77 84 853 735 992 736 996 620 242 886 248 892
962 136 10 621 494 592 178 631 152 473 507 829
583 331 396 782 430 402 212 501 477
320 891 356 519 12 140 698 697 858 507
898 4 134 13 920 665 795 929 680 296 682 297 170 304 436 52 822 699 448 576 196 73 75 206 208 727 860 862 994 869 618 623 625 373 760 505 765 638
523 530 274 790 417 675 35 938 813 435 438 440 448 581 74 459 341 853 988 224 872 618 497 887 632 122
641 263 271 274 799 812 687 183 56 443 318 707 458 849 722 470 984 92 870 358 747 880 631 761 766
65 291 483 7 617 298 975 850 211 20 627 731 829 95
768 901 6 137 400 917 918 283 557 193 73 462 464 985 866 99 746 749 494 633
