500 40
482 35 226 39 200 16 179 181 250
166 231 232 299 494 14 81 182 183 470 151 122 251 92 190 95
260 136 393 395 405 29 158 167 427 429 49 54 55 443 65 324 69 454 457 461 333 467 339 213 340 215 88 217 90 472 345 97 359 495 367 114 249
168 264 236 118 22 24 283 221
264 11 396 269 267 12 153 281 27 158 304 52 53 313 314 326 70 74 75 204 84 88 90 350 96 354 482 234 491 245 120 254
260 133 144 23 152 25 412 285 35 38 295 299 429 431 180 439 316 317 191 200 72 330 464 465 338 212 346 478 352 100 104 361 491 496 369 497 117 374 247
387 390 391 275 404 410 28 414 417 171 435 57 58 444 204 88 218 353 98 237 122
388 265 402 149 414 421 42 43 44 429 300 50 435 55 320 449 324 456 457 74 204 77 206 338 487 232 235 365 495 117 121 255
260 137 11 271 399 409 288 170 42 58 329 83 345 96 484 102 359 230 126
134 144 16 19 287 163 48 180 56 66 458 330 460 464 468 220 368 372 379 380
3 390 265 13 19 28 159 290 163 43 301 46 432 177 49 52 437 438 312 61 62 64 198 104 237 118 120 253
32 481 226 357 102 295 426 491 332 244 88 474
1 141 407 415 163 35 39 297 45 430 431 186 69 454 199 345 346 480 250 251
320 103 361 489 493 82 371 116 180 148 215 381 189
384 482 98 294 359 136 425 42 396 172 274 277
135 296 91 363 429 239 497 178 347 346 27 223
98 67 100 392 42 430 399 117 474 252 319
1 269 280 414 158 168 170 300 302 52 439 312 440 187 60 63 327 199 201 455 459 340 341 212 475 350 96 116 248 249 252 125
137 10 143 275 19 32 46 306 181 66 329 74 203 201 208 89 347 91 476 95 121 353 229 377 382 255
64 7 234 397 431 115 404 371 23 121 90 319
384 471 67 420 35 360 203 113 146 371 81 277 125 23 344 221 413
128 258 194 69 327 170 460 364 494 271 464 305 146 405 153 444 350 95
352 386 195 332 45 334 237 341
259 394 267 147 276 278 150 300 181 438 58 190 327 200 455 207 86 88 346 480 231 364
129 9 16 17 282 420 165 421 40 296 168 435 312 64 323 197 453 334 81 209 346 95 483 362
449 73 237 334 335 15 336 212 308 473 28
4 262 15 151 25 411 425 189 63 192 66 196 338 470 219 95 226 114 371 127
4 405 407 151 27 170 51 312 444 188 448 449 450 452 72 200 214 99 103 362 234 369 245 373
5 134 394 399 19 27 45 429 303 305 311 185 58 319 450 323 324 327 72 332 77 339 91 240 241 377 378
7 268 12 145 275 417 161 169 41 184 314 61 335 476 93 356 101 103 493 498
1 385 388 13 398 143 144 401 272 408 25 154 27 159 160 162 295 423 182 311 190 321 460 78 465 340 341 470 346 477 478 94 357 231 362 493 245 119 125
275
321 4 327 71 461 83 116 253 188 157
136 137 11 269 279 415 301 304 443 188 192 320 329 80 85 347 487 490 240 116 244 252
228 181
376 190 334 479
192 483 133 423 74 402 118 189
384 396 15 400 144 402 19 25 409 411 286 416 37 38 165 301 176 59 61 324 456 76 206 84 468 86 223 353 487 488 234 240 497 114 245 373
2 4 263 146 151 409 417 297 306 310 187 72 207 209 215 350 484 485 496 243 244 253
139 271 283 40 425 170 428 173 174 303 310 311 62 447 64 196 460 338 469 478 479 356 101 104 111 376
