250 40
2 133 5 6 136 135 10 138 27 29 165 166 169 172 177 51 53 181 183 56 185 186 184 57 64 195 70 71 199 201 79 85 213 221 94 100 229 232 127
0 4 5 8 148 157 33 40 42 171 44 51 54 56 57 186 62 191 67 196 69 70 74 207 82 91 231 105 115 117 245 246 123 125
224 34 67 196 100 6 41 14 147 52 85 188 95
0 227 68 7 107 77 109 207 143 80 146 180 244 24 221 159
0 129 1 131 6 14 145 23 27 29 157 168 182 58 193 68 76 209 213 91 223 99 230 103 234 237 241 124 125
2 4 135 137 11 20 22 157 31 160 166 172 173 45 179 54 61 64 195 68 204 206 209 87 216 220 93 101 234 107 246 126
0 129 150 154 157 168 41 47 180 53 184 56 62 201 202 80 215 220 102 106 109 111 112 113 242 117 248 121 125
160 33 35 197 201 233 52 217 58 60 221
191 121 166 39 137 105 140 79 112 176 83 148 185 95
0 5 6 136 145 153 155 156 162 163 36 38 169 45 179 52 54 55 69 71 72 203 76 206 208 90 223 226 232 236 113
137 10 145 153 28 32 160 34 35 37 166 38 47 50 179 183 187 188 199 73 76 205 77 78 207 79 210 83 214 87 216 92 97 235 243 127
128 1 137 28 34 166 45 182 184 57 187 192 66 202 214 215 219 97 108 240 117
4 8 15 25 26 32 53 55 187 193 201 202 214 87 217 218 90 92 222 96 99 237 125
14 147 28 35 36 39 173 48 51 180 54 190 67 199 201 73 205 79 84 218 221 98 100 231 233 106 109 242
116 84 182 39
0 2 6 12 14 15 17 24 25 26 160 161 162 37 169 170 42 46 177 179 180 54 72 203 76 80 212 85 90 218 221 229 102 236 244 247 249 125
124
128 139 140 12 156 162 35 38 42 45 47 56 58 60 197 75 205 207 211 88 217 219 221 99 228 234 110 111 240 239 115 120 249 126
130 7 151 29 158 165 40 171 48 52 183 55 68 84 86 217 93 230 106 248 249
107
161 166 41 142 148 27
147
153 195 162 229 39 203 108 175 145 50 115 53 25 26 123 92 61 30
224 65 132 133 72 77 238 48 209 146 81 18 144 119 27 29
132 5 9 23 158 160 32 34 51 191 64 201 74 204 86 215 216 217 98 233 237 239 244 246
69 199 72 108 177
129 16 149 22 28 33 162 40 45 173 180 56 63 194 199 200 81 218 234 109 110 117 120
89 34 56 67 72 234 12 77 13 174 85 86 24 153 186 123 184 63
128 2 131 6 137 139 142 16 146 20 164 170 171 176 52 53 182 181 184 183 189 62 194 67 71 83 212 100 106 109 246 119 249 125
226 70 235 46 15 112 17
0 133 136 10 11 138 141 19 149 159 32 171 172 48 49 54 187 61 64 193 68 72 73 206 89 94 107 236 239 244
3 139 145 17 20 28 169 42 175 48 53 197 205 209 225 227 115 246 123
0 5 12 150 31 33 35 36 169 43 49 53 184 59 192 205 82 93 223 224 235 237 112 241 242 116 120 249
225 67 37 165 198 45 174 112 49 85 21 184
128 227 163 35 103 200 44 109 172 237 208 209 177 178 21 127
1 131 4 133 6 132 8 141 142 14 18 149 23 24 30 31 33 39 47 48 175 50 51 52 58 61 66 194 72 73 206 79 80 210 220 97 104 241 118 121
130 8 137 11 143 18 148 149 22 152 26 28 157 161 37 43 178 53 188 67 200 73 203 78 80 208 83 84 212 215 94 96 227 100 228 237 120 121 122 127
4 139 12 143 16 146 148 21 151 152 153 28 159 33 169 43 171 173 179 54 188 190 64 194 75 81 211 213 87 215 218 97 225 228 232 111 240 114 124
129 3 7 8 11 140 13 17 151 24 157 159 41 175 177 53 55 60 192 71 200 207 209 83 90 219 93 94 224 226 99 101 102 105 110 245 246
69 107 209 179 54 89 123 157