500 40
135 11 402 279 39 171 48 59 445 190 321 323 453 327 336 482 483 494 241 375 250 126
257 141 303 81 51 27 62
349 181
344 165 73 43 44 142 80 17 307 119 343 151 314 189
5 394 399 145 402 27 413 33 424 428 301 49 51 444 191 448 320 325 456 460 332 208 82 99 238 497 252
288 160 97 102 337 211 471 440
357 331 333 465 50 19 29 154 221
384 225 262 313 327 263 233 392 362 78 433 249 351
129 133 266 273 146 411 33 291 39 300 182 447 198 327 202 460 467 87 473 224 487 233 365 124
33 423 171 301 77 463 306 220 339 408 217 282 379 348 63
482 195 104 296 490 425 457 237 45 79 464 305 467 24 409 250
258 11 141 144 275 405 25 409 413 420 301 176 442 69 200 462 232 363 368 243 117
3 387 390 395 16 18 148 408 33 302 309 183 60 63 462 209 341 472 89 476 102 487 107 492 366 116 373 246 249 127
393 395 13 141 269 272 145 405 27 28 156 422 427 299 55 185 313 187 315 62 448 194 196 329 458 338 339 98 104 250 383
99 387 165 102 231 233 395 11 237 398 429 433 178 402 468 438 344 254
256 193 89 6 105 204 366 494 146 381 436 246 55 248 217 156 445
128 2 131 5 262 8 12 399 21 25 156 294 428 432 177 439 192 67 73 333 462 205 341 471 88 219 222 351 352 224 482 231 488 369 250
391 392 136 10 395 13 16 419 39 168 428 173 303 305 306 56 320 195 198 331 80 210 467 86 479 352 353 483 101 102 359 232 235 363 108 374 376 250
263 394 268 400 404 407 27 29 30 38 295 172 302 434 181 445 61 70 75 211 212 216 473 345 220 359 113 245 120 252
0 386 3 7 137 12 14 274 20 21 23 408 412 29 414 293 37 167 39 427 46 431 305 189 450 325 71 72 334 78 336 474 348 359 488 490 108 238
488 496 6 416
448 258 198 425 205 179 222
485 342
320 1 36 357 391 488 135 429 462 335 432 368 245 58 191
416 484 357 90 37 429 463 271 379 85 277 182 440 150 250 283 126
383 144 409 281 160 43 175 443 446 193 460 79 82 342 471 475 350 481 225 355 100 359 105 114 127
288 5 200 137 425 109 365 272 370 50
65 134 297 42 367 48 403 471 223
320 33 419 241 28
2 133 270 272 288 294 308 181 183 442 61 190 67 452 78 345 477 480 107 108 491 121 255
312 480
260 146 275 28 420 435 327 92 220 348 351 122 489 362 490 492 237 238 250 251 125
0 355 69 17 436 25 124 445 319
134 136 397 405 280 163 176 310 439 312 56 449 325 200 201 459 213 90 218 349 223 104 364 495 244 120 378
384 264 138 15 405 406 154 416 34 173 303 47 304 307 60 317 316 198 205 467 212 472 218 354 228 363 236 110 240 372 244 125
258 392 265 10 11 395 282 27 421 173 436 54 55 313 450 460 83 212 340 360 489 375
129 261 137 140 149 405 407 158 31 162 34 167 41 298 426 174 182 57 210 338 85 220 350 357 230 123 237 246 248 251 255
32 289 39 490 399 144 465 400 149 246 248 216
1 400 401 278 153 28 418 424 48 306 320 65 194 453 461 343 92 348 351 223 481 485 102 229 489 108 250 379
160 161 3 231 303 402 19 372 306 185 474 443
