1000 40
144 18 531 427 301 942 49 565 960 581 855 729 733 353 104 362 236 877 498 884 374 119 891 764 125
256 130 7 9 138 397 145 786 534 793 669 162 420 806 424 42 943 561 818 186 574 190 832 707 837 968 332 336 466 595 597 223 488 113 883 116 246 503 762 509
840 114 566
128 390 396 652 922 794 158 34 430 689 181 571 452 333 850 339 733 607 352 863 229 742 242
384 769 908 274 405 536 24 673 933 165 39 810 429 302 180 951 956 573 574 959 962 202 843 339 852 727 859 99 484 871 361 381
553 322 830 679
899 900 394 914 276 791 920 922 282 172 429 816 308 821 566 571 960 972 79 341 858 731 349 104 490 382
386 290 779 430 723 19 53 246 506 797
352 640 482 963 708 902 198 586 429 975 560 79 307 982 153 90 191
136 203 228 685
900 133 275 21 32 550 553 426 811 425 41 814 585 465 468 857 89 870 635
98 260 965 742 871 552 301 591 688 560 665 723 980 831 153 90 990 895
512 289 773 485 363 429 814 627 955
968 107 663 88 157
896 764 389 269 20 664 280 154 796 415 159 548 420 38 937 940 684 693 315 957 576 64 965 968 848 81 82 856 91 611 483 486 888 760 508
34 739 546 130 198 647 776 489 147 277 183 702
737 454 592 433 734
801
257 513 667 285 164 939 442 190 706 76 717 847 81 469 855 347 744 233 367 752 630 120
864 97 382
549 746 332 686 753 497 883 468 691 918 307 569 122 669
480 582 102 967 362 12 334 728 304 760 658 815 245 982 472 891 126
770 261 145 535 925 674 169 561 563 55 570 442 571 826 574 320 202 206 847 854 92 993 611 364 109 367
785 159 931 933 678 554 47 175 817 691 819 822 443 959 455 716 733 861 94 228 103 235 365 625 119 632 635 383
257 520 522 395 268 526 147 276 149 669 159 802 163 294 169 810 299 430 942 562 309 60 446 323 708 584 331 464 209 855 991 240 885 382
518 266 651 16 149 152 156 924 798 545 167 41 812 429 945 180 695 442 574 62 702 705 453 839 715 972 471 345 474 738 871 487 113 242 883 884 887 377 381 126
961 290 931 217 376 39 586 781 143 368 400 336 917 598 440 857 445
384 0 772 517 776 404 286 162 556 942 49 436 693 181 186 704 197 70 590 85 342 734 735 996 357 744 490 491 363 752 369 755 375 636
268 147 676 932 554 693 448 457 972 210 729 858 90 91 486 617 492 371 372 893
709 229 296 138 810 972 75 639 787 532 990 22 603 347 252 222 958 351
608 931 388 133 900 8 939 267 206 879 344 953 988 766 95
148 790 164 37 427 685 941 176 437 188 961 201 977 472 860 733 111 496 114 756 758 506 125
521 398 16 663 536 793 156 675 420 803 934 682 299 684 175 60 188 832 708 709 75 727 729 218 604 734 613 871 618 494 626 244 759 632
2 9 140 911 277 281 411 926 30 803 293 549 40 298 171 557 558 433 306 948 952 697 186 570 446 449 706 452 326 583 333 354 482 236 879 368 624 498 112 765
738 68 965 615 235 756 796 479
644 630 487
192 740 389 7 519 686 495 591 565 502 348 216 924 477
617 971 334 103
130 132 5 262 527 657 916 279 924 285 156 38 550 552 170 812 563 456 81 727 482 611 483 359 103 876 877 365 115 116 883 506 763 252
130 261 264 662 280 920 673 289 931 420 164 169 682 298 48 952 446 191 343 220 350 865 482 741 105 363 242 372
