500 40
121 243 133 159
135 397 154 286 31 415 417 294 38 42 433 49 438 182 314 318 320 460 465 82 81 84 480 486 358 497 499 379 380 127
224 289 131 132 440 455 263 369 248 253 251 444 285
258 263 137 394 12 275 403 23 24 408 282 283 284 279 30 417 430 49 57 317 447 65 332 462 79 84 213 348 477 220 486 363 365 112 113 371 250 254
398 401 147 19 151 408 289 164 165 43 173 45 175 62 319 64 194 327 211 468 343 347 479 375 231 359 119 120 250
261 8 264 269 146 33 53 313 185 450 453 93 351 352 481 483 488 494 496 114 371
385 11 268 142 398 21 22 277 25 27 160 35 40 425 426 308 55 58 197 327 328 75 339 84 85 342 92 351 226 354 482 488 237 365 373 125
256 257 133 139 395 14 278 283 412 413 157 415 289 296 431 435 313 317 319 448 191 69 72 74 76 83 468 88 344 221 224 481 102 106 490 492 365 363 371 378
387 138 18 19 151 407 410 155 42 45 303 315 60 320 448 71 332 204 85 350 95 489 236 368 376 125
73 205 429 13 211 21 219
417 83 131 241
391 264 13 147 407 415 418 162 426 171 301 179 191 328 464 210 365 111 113 253
386 387 138 270 432 181 182 62 322 199 72 86 344 486 359 489 364 239 111 119 249
65 451 387 293 292 139 107 333 474 403 154
0 385 258 133 268 145 147 404 152 288 162 37 41 176 306 178 186 187 60 443 452 336 341 90 120 109 374 376 121 382
264 152 165 298 430 177 434 308 452 324 331 467 340 220 477 224 480 355 358 104 362 106 108 366 119
96 481 35 261 262 265 431 336 18 466 406 151 376 281 285 94 191
389 8 396 413 294 423 296 43 438 186 59 189 323 196 328 335 209 91 356 489 121 251 381
448 288 418 483 129 198 169 334 270 79 241 400 277 22 252 159
268 15 19 275 152 25 26 157 286 167 296 302 174 176 178 436 437 310 313 188 445 190 447 324 73 75 333 336 83 223 354 358 106 237 110 367 116 118 251
386 392 40 330 10 332 369 372 87 152 121 60
402 24 283 162 290 37 39 168 42 305 307 313 443 76 461 207 338 83 473 346 347 351 108 368 114 370 116 246 248 121 122 253
259 10 14 18 25 291 36 444 189 319 325 72 329 208 81 348 486 231 359 362 493 237 117 378
130 387 18 151 295 424 441 443 446 65 452 198 458 468 343 346 474 225 107 108 238 122 253 383
256 257 0 260 261 267 276 24 288 418 169 43 429 431 307 52 437 438 454 329 458 208 467 215 105 365 494 115 116 125
128 227 37 39 431 274 21 407
265 393 10 269 271 152 25 285 419 37 297 431 432 179 180 439 441 61 323 453 200 459 76 78 463 336 216 348 351 352 96 95 355 228 104 364 113 376 249
7 142 398 274 30 288 292 37 426 427 178 54 310 185 321 71 202 79 468 470 87 344 476 349 92 354 105 490 364 240 498 124 382
64 34 291 329 361 428 205 78 15 237 365 117 439 380 28 477
163 292
30
128 257 130 8 396 270 20 411 288 417 420 166 423 300 51 180 314 190 449 68 70 76 206 207 79 335 474 219 220 481 354 356 358 488 106 235 109 496
97 98 1 104 270 336 497 251 284 479
448 225 482 323 4 261 357 383 439 201 399 338 311 125 382 447
256 129 2 1 132 141 398 284 169 301 440 186 59 451 342 474 477 223 482 229 360 235 365 243 120 249 379 252
129 136 393 266 151 410 412 413 286 414 417 290 163 165 422 42 311 62 447 73 74 330 336 214 471 473 90 348 223 480 361 366 239 499 117 121 122 251 124 381
320 248 251 413
193 171 143
382 358 391 360 169 42 487 462 51 212 181 214 22 472 94 123 286
289 390 134 232 361 425 173 433 369 18 337 281 443
