1000 40
685
515 901 646 394 527 399 787 535 152 669 671 34 932 294 557 685 686 691 568 317 447 831 326 457 331 77 87 88 476 736 608 100 743 747 108 494 886 887
133 647 8 519 521 525 399 400 540 159 33 37 682 824 444 323 713 94 375 609 235 755 500 372 247
515 904 776 404 158 800 37 806 945 823 442 826 447 831 703 577 196 328 458 460 591 464 592 722 723 724 85 981 601 95 352 994 100 996 240 627 378
514 16 914 150 24 409 542 556 174 942 180 821 182 439 828 317 446 192 834 962 452 69 841 463 208 734 354 738 872 878 507
0 516 772 534 663 281 672 676 420 935 937 947 454 73 843 717 720 465 464 723 85 87 855 216 349 96 749 623 370 123 511
944 587 247
775 391 521 651 145 403 155 156 927 415 548 165 294 168 44 698 186 956 829 833 70 711 201 722 339 852 94 483 622 498 627 254
865 962 217 773 166 969 810 812 685 17 275 311 920 697 219 60
68 390 648 589 885 315
259 268 781 654 22 535 666 283 159 161 168 41 302 431 433 954 957 711 201 459 469 982 213 219 989 349 482 227 356 228 620 238 880 242 114 373 888 121 378 639
675 260 101 266 529 818 83 661 694 343 89 571
829
392 522 273 534 665 409 673 292 297 682 559 48 952 827 574 319 192 706 197 458 589 206 207 723 342 471 858 861 862 866 999 873 749 880 244 372 376 633 378
898 648 394 780 401 681 426 427 431 817 188 835 455 342 220 222 867 232 617 365 621 493 752 753 501 250 767
7 279 802 35 679 167 300 436 827 466 851 470 985 94 353 484 757 251 765
133 520 648 267 907 15 143 273 658 790 283 540 803 931 677 426 305 180 446 319 838 199 331 338 87 473 219 859 476 608 362 877 365 884 886 504 254
515 395 526 15 271 912 19 288 42 429 948 442 835 969 336 738 227 486 230 123
773 777 787 533 411 27 670 798 167 809 814 189 957 190 709 591 849 850 724 341 596 989 350 354 741 872 242 118 376
769 15 916 280 537 281 667 28 931 294 173 815 688 177 957 320 705 590 209 467 601 218 91 611 228 110 887 380
644 647 265 396 654 14 911 147 918 662 288 290 816 946 819 824 58 451 838 76 78 80 849 977 724 348 605 738 228 999 107 620 755 116 246 631 378 379 124 766
520 12 653 526 14 784 785 23 29 674 806 680 170 43 940 435 184 569 571 578 706 325 331 83 87 99 868 106
898 649 654 531 151 792 281 539 285 934 298 560 447 836 327 201 203 591 728 473 605 613 238 242 757
258 132 422 842 526 21
642 131 260 516 774 647 776 521 11 526 270 530 153 293 166 809 302 562 178 834 455 722 978 349 480 485 618 492 879 495 371 886 252 510
833 34 961 516 357 421 232 79 144 465 336 723 466 847 280 351
646 779 17 663 154 156 544 680 552 561 179 822 955 197 455 586 331 460 722 852 215 217 90 604 221 94 481 98 102 743 872 232 366 754 756 121 636 509
132 266 787 147 279 410 539 670 928 932 938 813 430 176 179 957 323 199 722 726 728 473 856 859 94 737 482 869 742 613 491 620 499 116 501 885 500 376
642 292 287 326 519 552 428 206 176 245 730 122 252 351
385 105 589 910 376 635 61
0 402 795 540 417 932 167 690 193 69 461 208 720 848 980 213 96 360 107 751 763
771 12 143 403 407 922 27 930 40 810 941 174 816 305 690 439 825 570 573 452 589 977 723 83 599 344 985 602 222 482 355 738 231 487 746 364 493 500 631
515 903 137 142 529 785 275 790 535 35 39 300 49 817 308 186 63 448 583 94 994 867 998 364 761 892
389 653 405 28 287 937 47 48 305 829 585 975 208 339 349 991 481 100 617 618 107 495 496 755 635
36 455 295 999 631 554 877 175 882 786 660 501 634 279 344 211 250 701
514 408 744 777 363 431 208 786 244 472 985 251 991
523 148 920 413 674 680 299 306 189 579 75 332 77 213 346 860 608 100 744 622 504
224 515 389 710 293 486 746 874 43 942 975 979 884 24 345 798
7 892 651 274 146 28 29 934 681 818 823 311 313 834 452 839 77 338 723 466 471 97 98 745 624 756 761 252
964 869 646 298 139 575 751 400 913 498 947 121 541 889 735
