250 40
197 37 102 104 232 168 12 108 209 178 51 21 183 216 121 90 222 63
128 2 131 156 31 167 42 43 49 180 187 191 74 77 209 210 83 96 98 242 127
8 11 143 145 23 24 26 159 160 33 165 166 172 45 174 178 181 184 58 186 59 190 73 201 204 78 214 222 226 99 102 234 240 112 116 245 247
128 4 139 13 14 20 174 175 52 184 185 189 191 197 70 200 81 212 217 229 102 231 110 113 115
226 134 71 39 168 42 203 141 238 15 50 19 115 29 190
0 3 5 134 135 7 11 140 13 15 145 21 22 160 34 37 167 48 177 61 62 191 65 195 70 201 79 214 220 221 224 100 101 102 106 234 239
135 8 140 14 21 24 27 35 168 47 54 55 186 63 191 204 81 90 226 231 105 109 238 111 245 246 122 125
160 4 135 45 152
21
33 2 206 87 152 153 155
4 229 102 168 235 19 127 159
32 72 234 246 184 94 56 158 191
162 43
129 16 20 152 25 154 153 157 162 39 50 54 191 73 77 79 215 97 229 126
220 163 84 206
1 4 6 139 142 16 18 148 151 153 157 158 35 165 40 168 170 172 177 178 181 54 62 191 201 75 208 81 209 211 84 213 216 89 219 102 103 105 249 126
2 195 239 144 213 153 126 92 62
160 35 201 171 235 111 210 243 244 52 61 51 57 220 93 62
131 138 141 147 24 29 157 161 33 163 170 43 172 171 174 46 49 64 70 71 205 206 79 82 211 84 91 109 110 111 117 122 124
5 137 138 139 143 155 29 31 40 42 177 54 184 60 195 196 197 70 204 206 79 83 215 218 221 97 225 232 240 116 245 248 249 125
135 161 163 36 43 172 47 55 184 57 62 197 70 206 79 209 211 223 97 226 234 240 245 118
130 195 74 107 13 14 79 144 116 117 118 245 182 123
0 2 5 8 137 10 12 27 156 32 168 169 44 60 188 191 66 196 199 200 80 214 217 95 225 230 232 233 105 107 238 239 114 244 121 124
120 135
128 163 195 69 230 199 3 75 204 141 142 80 242 180 58 219
131 132 133 21 150 152 154 32 35 168 66 205 79 98 103 118 249 122 127
131 7 13 24 155 164 37 38 175 65 193 67 69 199 206 80 86 90 92 220 223 225 98 227 228 99 230 114 115 246 123
66 35 227 134 74 235 12 238 111 114 242 22 57 125 31
7 135 139 141 143 15 21 22 155 157 31 32 160 33 163 35 38 171 44 175 55 60 190 192 67 68 198 204 80 208 213 92 225 101 235 242
153 44 21
133 136 141 159 160 32 162 163 164 168 171 51 185 60 63 193 71 76 206 207 85 214 217 219 93 94 95 97 233 105 114 120 124
136 9 16 147 171 48 177 54 183 184 186 189 204 217 95 98 101 111 113 247 249
134 136 15 35 40 44 48 177 178 190 192 194 200 74 82 221 226 98 103 237 238 241 126
160 37 136 72 74 43 77 141 143 210 149
128 225 58 167 232 169 43 11 242 147 148 150 24 26 63
1 3 146 157 163 42 43 175 51 53 55 69 200 209 216 217 218 92 93 221 222 228 233 241
6 136 13 22 153 155 36 176 186 188 192 65 69 198 71 73 81 221 228 231 232 236 114 115
0 134 136 139 140 13 23 25 154 28 160 170 175 52 182 55 57 186 188 67 200 76 77 87 88 91 102 103 233 234 109 237 112 113 242 245 118 247 126
3 133 12 143 159 32 162 173 45 187 66 68 198 70 200 204 79 81 88 221 95 223 97 227 229 230 234 107 109 241 248 126
130 4 5 150 24 153 27 159 34 166 181 196 198 205 78 218 223 97 100 114 116