500 40
265 11 276 284 158 168 169 427 303 48 176 438 456 73 76 337 475 484 107 366 495 375 381
369 131 60 286
257 258 5 6 10 274 411 292 420 38 166 296 171 173 47 55 320 324 198 327 85 219 482 483 357 364 496 242 372
128 260 145 17 148 20 25 285 159 35 429 439 461 477 226 484 229 495 496 251
261 351 327 461 80 84 317 127
481 324 287 260 167 37 45 398 213 56 27 414 319
8 411 284 422 294 174 431 55 186 446 70 74 80 82 468 343 227 355 366 496 120
291 360 218 266 303 112 433 82 114 412 58 60 318 223
385 266 394 140 410 158 33 420 39 46 174 304 309 184 312 314 442 64 332 77 206 461 463 82 83 340 473 478 100 490 362 112 113 116 374 375 250
131 134 135 11 396 402 146 23 27 286 288 421 165 298 45 196 324 209 468 342 472 475 480 224 486 488 238 497 498 115 247 250 251 380
451 391 455 105 171 365 402 437 60
128 131 5 134 396 397 146 404 24 409 31 287 289 34 164 40 427 175 433 441 451 197 74 458 332 337 92 99 361 366 499 373 123 254
416 35 4 483 136 169 429 207 306 217 351
65 227 453 262 390 165 457 138 141 465 177 308 215 410 315 61
139 271 145 277 405 410 154 27 289 164 420 423 430 431 50 310 442 187 190 451 70 456 74 473 480 97 102 231 104 364 114 375 255
2 389 390 6 138 12 141 397 400 27 164 39 299 46 175 47 52 186 187 317 194 202 77 463 337 466 340 350 109 112 497 114 244 117 246
256 389 392 138 163 166 297 427 299 174 48 53 64 193 68 72 208 224 97 98 358 493 117 251 255
320 194 440 167 186 76 428 332 399 81 50 305 337 247 88 122 62 191
330 262 406 263
160
388 10 266 270 142 400 401 147 408 280 410 155 413 31 161 165 39 169 305 318 449 453 198 457 208 214 87 94 357 235 493 241 118 119 248
162 98 464 498 92
0 257 130 69 390 7 72 460 465 179 20 405 52 88 90
99 228 326 231 232 298 465 114 435 244 213 310 249 154 284 189 63
386 145 275 20 156 414 159 164 36 294 423 168 297 174 433 178 441 447 323 455 458 348 480 354 99 231 364 111 499 373 255
3 389 140 14 276 32 34 421 301 54 447 448 65 200 331 334 466 212 487 237 243 253
130 194 356 487 328 457 234 491 424 488 499 404 119 308 23 380 190
130 451 37 39 104 424 332 49 374 345 478
65 194 197 454 135 170 106 172 141 334 24 26 284 190
192 3 294 337 181
2 6 136 137 402 153 29 414 164 421 40 319 321 194 333 345 474 225 491 235 363 110 244 372
320 417 416 298 236 464 114 184 249 29 62
128 2 274 275 20 410 27 427 49 436 184 59 447 331 336 344 477 107 248
228 458 267 181 153 122
324 61
267 397 272 152 285 419 37 295 171 49 178 72 469 85 471 216 220 350 229
390 264 136 265 146 278 33 441 315 190 327 457 91 348 220 478 482 100 229 486 109 498 119 254
196 38 168 9 78 188
257 133 261 24 156 422 43 49 310 320 197 71 455 83 467 475 94 224 371 251
387 355 294 104 137 426 204 141 44 301 80 370 210 372 468
