250 40
141 15 143 145 147 153 154 156 167 44 47 50 74 85 214 226 106 113 115 120 121
132 5 136 138 12 24 153 33 175 184 204 79 208 214 218 91 227 101 103 233 111 245 119
72 83 120
128 5 15 21 153 154 32 162 164 36 38 168 173 182 187 60 65 67 68 72 202 76 209 211 213 86 89 218 227 230 236 110 242
139 37 149 247
71 168 232 44 15 175 147 244 23 188 63
99 164
128 129 2 133 137 12 17 145 151 26 34 35 181 61 63 67 72 203 77 210 84 85 219 97 236 111 239 114 243 245 118
128 5 135 136 25 29 30 31 42 177 181 182 188 67 197 203 80 87 215 93 121
1 3 135 138 139 17 149 150 154 157 161 162 163 37 38 167 173 51 183 184 58 60 188 198 200 73 74 75 79 85 94 95 232 233 107 239 114 119 120 124
96 59 202 83 22 89 123 124
129 130 2 5 141 14 149 158 32 161 37 165 170 45 180 53 54 185 58 64 206 84 214 88 228 233 109 238 237 112 113 127
194 197 138 11 172 141 47 145 84 53 54 246 245 95 189 62 159
66 36 249 237 14 210 53 57 188 29 190
7 9 11 13 143 157 30 32 34 37 38 170 43 44 48 179 62 193 68 72 75 207 82 211 212 91 220 102 230 104 234 108 239 112 127
0 8 9 141 15 22 42 172 58 191 204 80 84 86 215 216 100 107 237 241 115 116 246 120 249
138 140 17 25 29 38 170 49 52 54 61 191 63 67 79 213 216 91 221 95 228 229 233 107 109 118 119 249
144 153 154 38 170 173 45 177 185 188 190 216 219 220 93 97 227 228 100 233 236 246
130 131 6 134 10 140 12 144 23 37 169 43 46 53 184 187 67 208 216 217 90 94 104 111 241 242 244 117 246 116
128 135 11 141 15 16 144 148 149 23 151 155 156 34 164 38 169 41 49 51 54 56 194 70 207 80 82 86 87 216 214 232 110 114 244 246 124
135 104 218 205 176 156 16 119 186 220 125
0 2 8 138 21 24 25 33 34 167 174 186 194 66 70 75 204 205 78 210 213 215 91 92 94 100 233 243 118 124 126 127
97 130 196 37 135 72 43 151 185 186
130 35 3 131 70 39 105 109 45 49 118 22 120 91 158 63
132 135 8 9 11 147 151 24 153 154 158 160 162 37 166 43 175 179 180 54 185 58 191 64 67 197 204 211 212 215 91 224 100 229 233 110 241 242 123 125
4 139 173 238 239 79 52 245 157 95
163 69 137 73 75 44 19 211 84 248 217
110 46
128 5 8 137 10 14 15 147 150 24 152 154 162 42 52 181 56 197 79 90 92 94 223 226 231 104 111 248 124
203 140 155 50 180 27
160 195 99 5 230 137 233 240 20 24 92 189 62 63
2 131 12 140 23 151 25 158 41 43 53 187 189 193 73 88 91 97 229 240 112 118 246 120 249
129 1 4 134 137 9 142 18 147 20 19 22 23 26 155 28 33 174 50 184 190 193 75 205 209 215 217 94 225 230 232 236 237 122 124
0 5 11 12 14 145 29 31 32 39 45 180 182 57 61 196 68 200 207 209 210 222 94 225 105 118
128 121 89 33 196 5 230 198 168 233 10 38 132 81 52 185 127
162 131 132 102 231 204 150 91 62 95
4 135 139 141 146 19 21 150 34 165 168 43 172 46 175 190 63 65 200 72 75 77 208 84 217 90 219 97 99 233 234 108 117 245 247 118
0 3 4 37 5 39 234 44 172 78 146 52 150 183 91 222 63
162 100 165 199 233 73 14 208 146 147 215 58 158
33 35 26 201 235 236 12 204 111 80 81 50 52 23 215 155 61