500 40
129 261 136 274 148 283 289 290 35 171 311 57 186 442 69 454 456 329 464 337 338 91 352 481 353 366 249 250
225 450 91 333 145 433 117 54 153 187
258 134 263 393 140 397 141 30 163 293 422 174 303 308 309 183 60 462 336 209 212 476 224 96 354 355 99 231 497 499 246
96 352 482 98 228 165 329 457 269 211 181 471 254 287
384 2 4 7 393 266 271 18 403 275 407 154 410 288 41 305 434 309 186 316 444 61 68 458 204 338 341 221 98 482 357 231 488 360 235 111 370 374 378 380
32 260 493 114 274 306 308 118 470 216
270 145 148 153 27 38 422 41 426 179 315 447 192 70 457 210 472 344 490 247 125
0 262 391 19 426 44 49 62 322 205 207 464 468 216 247 224 230 234 363 364 119 249 122 381 126
129 259 263 268 140 279 409 413 158 31 35 292 422 423 424 425 167 45 46 303 310 440 60 323 334 212 213 485 358 101 240 379 244 116 251 252 127
256 2 3 132 12 269 20 161 300 51 181 442 314 444 316 191 448 447 350 356 250 380
384 385 382 131 262 264 138 395 142 144 16 146 19 285 286 161 298 171 304 311 64 323 68 205 207 79 210 82 215 95 224 230 364 495 112 369 252 250 380 254
386 261 390 393 141 17 18 283 161 291 38 424 428 429 44 303 50 53 57 444 65 330 336 209 214 219 223 356 486 359 360 491 494 239 369 498 116 119 248 249
132 396 284 170 46 433 49 184 186 315 203 459 75 334 82 86 95 355 484 230 358 490 497 382 383
355 387 208 368 433
96
384 386 387 262 9 10 141 400 146 285 287 424 425 42 306 185 67 198 327 333 338 84 471 89 90 219 351 224 356 228 231 360 363 238 368 498 245 118
227 61 350
418 487 135 44 205 13 275 185
1 450 331 204 395 460 495 367 273 429 434 468 54 182 406 187 94 191
101 262 293 41 202 462 304
257 131 388 143 400 146 287 291 38 39 47 48 431 438 58 314 446 194 67 325 198 80 336 343 100 486 231 491 239 499
0 260 5 396 399 144 276 24 152 282 288 293 42 176 306 439 186 315 318 63 196 452 71 327 90 219 348 482 483 101 361 491 494 244 119 379 254
441 458 487
98 452 319 69 395 140 270 179 372 154 347 284 254 159
384 258 259 393 11 149 33 422 180 437 52 182 440 185 321 195 326 456 334 210 211 468 94 485 102 360 106 493 497 246
387 260 133 3 397 145 404 417 162 163 291 293 421 429 184 441 56 195 332 210 211 84 88 89 219 349 96 486 359 234 108 121 252
161 132 198 135 300 174 19 308 439 280
132 101 198 229 422 494 239 337 306 404 439 25
480 96 418 263 264 489 233 271 496 337 18 56 377 187 124
4 389 6 262 147 414 415 294 423 49 306 179 185 322 71 333 95 101 115 374 250 381
362 124 150
384 129 386 132 140 268 412 419 299 437 313 188 72 342 103 362 106 368 499 382
7 136 391 10 401 407 161 424 171 175 307 436 439 441 63 319 448 196 211 344 346 230 103 235 366 113 376
0 400 150 153 155 412 286 417 45 302 46 49 307 438 312 316 323 195 328 330 81 338 466 88 348 349 220 481 485 362 107 237 115 125 123 381 127
128 397 158 165 425 307 309 186 62 65 451 325 198 200 330 474 218 94 356 229 489 234 123
0 130 387 134 263 265 141 270 16 23 412 158 415 287 289 290 291 164 162 166 428 305 437 315 448 321 453 71 75 81 341 343 217 236 365
262 383 398 404 407 157 419 297 60 318 195 324 203 213 93 350 98 487 232 374 119 127
192 417 361 182 254 438 90 158 159
128 379 397 334
138 106 365 467 406 472 316 95
