500 40
390 135 401 275 154 27 31 294 168 426 298 175 179 53 182 440 441 185 57 65 66 196 70 207 83 213 92 229 490 497 370 241 373 250 254
131 196 324 38 209 147 311 409 26 383
4 132 5 136 8 397 35 169 426 44 175 180 66 194 452 456 331 459 92 349 222 95 226 227 358 236 493 495 379 380
67 71 7 212 213 343 216 313 442 155 92 223
228 357 329 331 334 52 349
352 353 350 323 53 150 279 478
448 257 227 69 168 76 79 306 243 468 340 54 89 60 158 255
256 17 147 152 413 159 160 36 39 431 181 56 443 195 200 457 462 212 341 216 347 94 479 480 357 230 488 107 247
8 280 153 25 284 287 425 298 48 306 56 447 320 67 323 71 79 210 479 96 230 488 108 116
289 165 294 166 8 9 362 363 492 493 146 87 254
386 9 268 145 146 424 427 173 439 56 183 189 190 462 463 85 225 494 248
265 393 16 280 409 29 426 306 438 56 63 202 463 211 221 98 356 498 370 116 119 124 381 127
257 6 12 144 404 413 32 419 47 432 176 437 309 186 189 193 72 78 209 467 89 90 100 356 234 250 242 372 374 248 378
5 261 8 14 282 38 422 303 48 180 437 56 185 58 315 189 319 452 326 74 204 77 80 337 83 89 494 244 117 123 127
386 26 482 453 135 200 263 204 494 47 113 309 374 157 377 314 445 63
130 261 5 395 274 18 152 281 154 280 419 36 423 307 437 54 318 448 64 451 201 329 465 469 342 486 235 241
256 272 401 19 24 281 28 288 428 429 180 312 56 317 66 195 323 322 72 75 77 340 91 478 94 356 488 362 235 379 253
0 257 2 29 165 296 170 431 435 181 450 80 214 478 98 99 101 490 240 254
449 420 365 88 317 285 159
289 481 450 350 325 357 103 171 237 205 113 178 114 411 87 123 94 95
8 269 148 25 28 158 428 430 47 436 308 187 64 457 463 464 466 83 347 476 349 230 102 488 487 235 108 364 236 366 107 123 381
385 265 400 276 150 165 167 46 189 447 448 322 324 341 215 91 223 242 119 127
135 393 10 266 19 404 407 162 36 43 435 436 445 195 454 75 204 209 338 472 92 355 486 367 368 115 378
224 217 166 92 112 210 371 121 315 60
130 131 135 394 11 138 142 271 401 404 148 24 408 410 411 26 414 159 417 290 174 50 312 313 58 61 189 65 322 321 453 331 77 206 336 228 105 108 371 124
264 145 403 22 26 172 428 438 191 67 324 199 200 72 458 330 95 356 104 123 114 122 251
384 3 391 146 20 26 296 299 44 49 181 438 55 56 311 319 449 451 332 82 470 343 346 475 97 482 484 485 104 105 106 368 379 380 255
257 391 9 13 18 147 279 30 32 34 419 164 36 167 298 428 177 306 321 451 342 475 477 479 226 360 105 110 372 245 376 380
79 434 310 251 285 254
258 386 261 390 135 9 269 142 270 276 283 286 288 170 173 46 49 50 53 210 95 365 111 112 123
162 386 354 132 420 389 72 258 138 493 272 275 152 186
448 130 38 424 264 307 342 86 408 410 187
97 324 39 204 140 173 271 81 116 470
10 269 141 402 277 151 280 152 414 161 421 294 39 42 43 176 179 63 452 325 70 71 72 332 460 208 340 215 217 346 223 360 112 241 113 370 117 121
292 427 334 464 84 22 91 479
0 1 2 387 267 140 402 146 148 149 151 153 283 157 414 40 41 47 305 50 306 180 53 66 195 329 333 205 472 348 355 484 108 494 239 496 368 246
323 324 391 73 365 238 15 496 271 210 77 276 23 338 55 63
354 259 3 389 490 399 143 82 149 405 278 24 56 279 93 95
256 161 452 446 489 429 207 114 372 382
178 131 52 308
