1000 40
144 202 796 759
771 903 908 272 787 533 279 160 32 290 558 438 58 318 575 581 206 83 213 855 472 474 219 227 235 371 244 373 889 890 380
384 911 665 156 161 552 172 305 314 193 326 966 586 846 474 92 231 361 112 882 245
258 132 5 136 10 779 269 272 405 924 161 817 946 690 693 695 56 574 844 592 340 218 480 485 871 751 243 758 508
770 901 780 400 33 932 933 549 552 559 689 50 448 450 332 849 99 613 362 747 370 252
134 135 391 397 143 532 20 24 540 800 673 802 310 314 195 456 715 598 103 362 620 108
901 534 535 407 152 539 30 287 953 313 444 575 965 971 588 461 471 347 358 488 105 117 885 764
897 519 138 675 550 299 562 182 697 186 188 701 829 966 970 460 77 208 84 86 728 989 861 613 869 249
768 96 901 456 780 432 274 789 632 348
513 522 142 21 665 925 158 933 811 683 814 315 573 830 712 471 347 868 363
800 933 559 659 468 732
526 273 406 538 411 671 543 417 802 672 167 680 558 563 564 440 316 318 581 201 457 587 590 212 92 100 362 497 114 760 505 507 253
450 164 581 999 137 400 273 499 376 665 733 95
704 257 131 100 614 332 206 49 850 375
512 384 516 901 772 383 8 150 793 665 796 670 35 687 815 309 438 444 195 965 840 847 336 83 471 347 606 351 224 610 998 488 492 243 116 117 632 893 254 767
899 390 519 264 18 660 276 662 919 30 432 947 950 823 440 317 583 202 591 337 983 741 873 619 495 498 371 246
128 773 774 391 17 274 659 790 23 151 22 924 33 676 424 170 301 560 828 574 835 580 68 455 327 585 333 336 721 338 345 988 476 486 875 112 508
3 646 266 784 533 922 542 287 675 36 421 944 563 566 954 452 328 712 458 457 463 592 85 726 727 729 91 864 97 610 352 487 872 361 754 116 248
448 67 327 809 209 17 630 823 121
387 772 7 909 917 541 548 173 573 960 212 213 994 227 612 616 105 619 366 753 757 890
928 768 386 131 964 974 431 81 562 631 957
388 268 783 923 933 550 683 557 687 48 946 435 437 55 830 191 66 459 334 208 603 606 96 481 868 360 234 747 882 501 502 504
512 10 651 395 402 148 662 931 300 301 817 433 308 698 193 578 968 457 94 223
521 141 911 922 667 286 543 418 935 297 937 951 58 830 704 714 338 214 221 101 364 621 622 755 504 377
769 418 6 551 134 777 149 277 630 831 954 189 190 223
713 843 780 364 656 824 566 791 151 380
636 516 647 650 11 660 24 921 676 549 807 552 940 48 562 436 445 578 963 968 586 843 850 599 860 229 361 368 373 890 124 895
514 10 667 157 670 551 809 811 306 438 56 59 699 960 454 456 715 973 334 209 595 724 600 728 478 352 609 610 356 492 110 240 880 508
3 653 402 24 797 161 937 554 553 173 559 432 177 690 434 819 438 313 63 320 709 713 333 974 590 973 341 605 223 481 226 107 747 236 881 625 630 510
450 675 262 295 328 588 398 431 110 924 957
388 647 785 278 798 422 424 553 810 428 49 692 821 949 954 705 706 579 707 204 464 603 865 360 492 884 758 375 766
418 967 72 425 522 555 304 112 562
512 321 898 485 678 743 137 155 785 497 694 823 26 91
317
414
12 780 654 781 911 658 148 277 26 539 285 670 927 931 163 932 420 683 941 177 696 313 952 584 200 462 206 718 979 90 91 736 608 874 754 501 510 767
66 998 967 936 137 618 18 370 242 852 723 115 377 510
707 870 585 270 625 466 179 276 889 186 190 922
459 751 86 539 254
776 19 275 663 927 672 800 674 818 439 193 581 839 328 339 343 96 740 229 629 764 639

15 29 17 18 36 12 27 28 16 22 2 31 8 4 24 40 20 6 5 7 10 21 37 3 23 25 33 13 38 32 30 26 14 9 19 11 1 35 
