500 40
488 236 229 430
256 439 354 344 58 419 492 269 240 144 306 340 375 56 121 378 380 126
0 164 281 441 189 223
259 5 268 141 273 18 150 151 152 27 33 168 171 427 176 433 50 443 316 317 449 66 328 330 75 334 212 472 220 96 225 227 360 363 373 374 121 250
385 391 136 392 13 398 274 280 153 289 165 49 435 52 187 443 188 63 460 78 211 97 354 101 102 109 240 115
2 387 386 358 231 9 437 217 380 318 286
384 258 133 394 143 146 19 275 149 278 23 29 157 159 417 163 293 425 428 189 446 192 451 452 325 455 459 78 82 88 351 353 229 486 360 235 492 241
128 490
2 471 292 485 359 169 76 301 240 338 51 55 346 247 94
128 261 263 394 267 141 15 273 404 21 154 165 40 42 430 432 437 53 185 442 318 191 450 335 465 85 345 224 229 103 361 489 235 239 111 243 373 376 251
484 100 137 139 44 141 11 463 498 411 349 31
398 149 277 281 421 295 168 169 172 304 435 57 198 457 335 466 339 211 475 351 352 96 481 490 106 109 242 374
262 139 15 145 404 24 281 412 414 172 428 47 304 50 307 312 57 195 67 459 207 336 90 224 354 488 233 361 490 236 239 242 118
385 5 12 15 403 407 45 324 71 474 350 225 226 227 356 368 499 371 118 378
416 238 175 211 468 308 437 344 89 187
480 72 105 139 333 463 305 273 406 126
1 481 485 390 109
97 353 419 387 168 10 76 431 209 435 308 156 222
199 140 15 80 53 309 407 409 123 60 126 447
227 296 41 234 75 137 109 174 495 110 375 346 446
288 439 481 260 262 158 395 140 494 47 80 118 119 91 124 318
1 173 429 304 245 374 151
384 1 386 387 388 3 8 394 12 397 403 149 24 411 32 36 166 174 49 448 450 68 461 339 468 345 474 98 232 106 108 238 367 368 247 250 126 383
130 67 260 265 299 306 52 280 316 286
171 142 159
256 4 263 11 16 18 274 146 279 411 157 158 40 171 432 179 441 60 318 446 460 78 348 226 105 236 112 252 125
196 165 456 49 146 470 342 153 379 318
292 261 70 423 383 203 462 367 240 18 244 23 315 127 31
137 17 146 147 28 416 430 305 434 310 203 77 465 341 89 351 96 95 120
480 34 356 324 102 236 496 181
131 401 277 152 294 166 296 42 435 52 445 323 197 78 466 467 87 93 352 362 234 111 497 241 498 373 246
448 418 68 309 312 218
161 164 36 38 139
137 138 10 148 150 408 25 283 28 157 414 31 421 169 297 45 46 175 438 68 327 458 461 82 90 221 96 97 355 227 234 107 240 241 125
134 394 400 147 281 161 418 172 174 49 50 54 55 189 95 482 99 236 112 497 246 247 378 127
160 193 194 259 228 407 230 131 92 29 468 279 57 346 476 381
384 261 262 263 395 140 269 403 404 161 426 432 181 312 440 442 59 444 449 450 455 255
128 392 273 277 407 419 301 181 442 59 60 193 458 462 206 474 348 242 123
225 355 70 167 298 335 17 381 402 220 437 475 86 248 59 28 413
129 394 399 143 26 412 33 427 309 182 69 74 333 472 89 100 494 111 497 116 378 383

10 23 4 7 34 13 5 31 26 40 9 29 2 39 21 35 36 14 37 18 6 27 28 19 11 12 20 24 16 22 3 30 38 32 33 17 25 
