500 40
256 130 260 133 7 139 14 16 402 287 164 421 169 302 433 306 56 315 447 63 454 458 207 88 347 351 96 482 101 360 366 370 124 126
3 261 134 395 15 18 406 410 415 179 314 59 189 204 86 353 97 99 232 494 495 242 115 377 380 382
255 388 6 269 402 274 19 148 154 286 418 41 303 179 193 66 325 455 71 329 463 466 472 346 91 92 96 225 231 363 493 111 495 113 242 120 383
257 262 391 266 399 404 419 296 47 56 76 336 215 217 218 91 361 235 252
73 345 410 276
121 98 65 486 367 373 150 311 409 251
120 385 372 277
130 5 399 271 402 403 153 282 155 33 420 423 42 427 309 57 445 193 323 204 88 96 100 230 488 361 492 237 367 241 122 123
164 12 113 242 216 29
65 66 5 186 234 110 21 183 474 284 413 446 31
260 392 142 19 149 23 25 411 161 417 39 428 179 313 447 328 72 334 469 470 361 492 365 243 244
133 6 137 272 144 146 405 150 412 32 173 175 432 318 332 463 91 92 351 354 357 362 364 111 127
6 7 279 27 36 295 167 427 174 48 306 179 314 60 192 322 199 76 81 471 90 475 350 227 491 236 113 116 246
128 393 142 18 408 27 288 418 36 420 294 426 428 181 438 57 316 444 61 191 323 76 346 224 96 362 490 112 113 244 379 252 254
272 274 277 280 28 33 38 170 427 185 317 321 331 333 335 215 474 346 479 97 98 225 374 126
106 391
388 372 54
321 195 6 391 72 296 397 334 431 400 177 180 372 22 374 222 191
149 286 292 36 293 57 317 64 75 206 80 81 339 342 346 219 97 354 481 371 381
1 130 138 396 143 403 20 277 25 281 414 32 289 172 435 307 53 181 55 312 441 315 451 73 77 470 343 98 354 106 115 377 122 251 252
387 392 147 20 405 412 29 31 419 434 183 188 215 343 346 102 103 368 372 122
220 37
3 136 14 142 16 400 146 280 287 31 292 297 175 52 53 55 442 186 319 450 322 195 67 328 73 462 465 340 90 346 223 102 104 107 242 370
229 102 407 285 251 156 221 30 383
353 101 107 460 177 114 245 437
100 331 340
392 264 139 21 407 163 44 47 49 66 196 463 343 220 229 103 361 493 375 248 380
129 5 145 19 282 155 157 300 51 308 189 318 447 320 328 329 79 469 481 482 227 229 358 117 374
6 262 398 270 144 145 274 14 143 23 411 155 161 34 427 179 310 438 184 313 60 61 445 319 448 66 332 334 335 343 88 89 225 360 488 372 248
258 265 138 12 140 399 288 416 170 432 52 54 438 184 189 190 65 193 450 465 85 224 97 99 365 110 238 121
260 9 141 15 19 149 280 155 293 169 308 316 65 71 78 464 337 212 215 346 223 96 360 106 363 364 490 235 113 252 253
134 6 269 271 274 286 289 54 183 314 60 321 322 454 73 74 205 346 350 98 100 356 358 360 361 364 365 109 496 241 245 251 254
448 386 196 389 359 392 9 490 15 115 371 118 470
262 14 273 276 20 404 26 157 43 427 48 432 50 310 183 452 221 94 482 357 493
194 164 197 101 487 456 140 17 113 147 404 148 52 23 442 375
259 260 390 134 266 13 407 409 412 285 160 36 47 52 189 320 64 450 454 326 329 463 79 469 470 214 343 342 482 355 361 237 494 495 111 371 372 247 377 381
393 269 398 15 400 145 146 19 414 33 35 168 426 49 56 194 201 204 81 248 481 496 498 116 246 120
130 387 263 140 14 15 408 154 417 293 297 427 47 49 446 320 328 465 88 473 352 109 110 242
418 58 324 5 38 36 231 39 4 435 54 282 220 445 286
385 482 168 271 338 213 248 409 123 383

36 29 23 20 3 14 1 30 13 8 31 27 34 15 2 18 21 32 37 12 38 19 28 4 35 39 33 10 40 6 25 24 11 9 5 22 
