500 40
12 36 302 305 177 179 312 61 322 195 201 336 216 218 346 92 228 230 486 233 494 382
386 259 260 133 134 18 279 159 161 173 46 303 178 54 446 62 66 453 470 344 476 348 99 110 241 370 371
134 137 266 17 31 39 171 183 56 313 197 200 206 462 337 340 343 472 220 480 359 363 110 242 374
129 354 270 398 466 244 154 253 414
482 228 104 461 48 242 498 437 151 126
457 399 434 438 316 444 318 319
457 133
194 98 37 329 272 369 181 215 30
97 358 168 308 472 218 125
17
65 387 287 208 243 276 284 406 215 340 244 154 412 63
352 1 58 486 85 122 61
390 137 27 158 32 418 421 37 425 170 175 177 311 183 64 451 70 199 456 203 75 81 465 210 340 469 214 85 339 470 349 478 106 491 365 239 241 115 244
482 7 9 330 23 124 189 350
100 324 485 37 73 299 268 267 144 208 114 372 55 247 443 383
259 132 136 394 139 13 398 270 148 407 411 156 160 419 292 299 43 302 177 435 180 311 184 316 197 455 200 72 465 344 91 475 96 97 486 232 490 364 112 123
262 7 393 266 267 272 278 406 410 285 290 38 167 42 172 46 431 309 441 444 60 64 65 322 453 200 465 214 343 93 97 355 237 496 371 120
451
449 132 453 313 489 394 267 107 141 18 406 343 312 57
137 395 143 20 277 151 408 280 284 286 32 38 442 190 322 214 218 97 100 485 104 106 107 240 370
261 147 151 409 423 429 48 433 437 190 65 450 195 456 331 205 464 469 213 353 487 361 362 244 247 376
262 396 18 275 278 281 282 156 162 35 421 165 168 430 178 312 59 444 448 321 198 70 73 83 212 87 472 217 95 99 103 236 492 120 124
385 2 141 275 279 151 35 167 39 172 173 307 313 189 61 320 451 199 335 468 481 226 483 98 227 359 488 106 107 492 366 117 122 382
385 3 390 274 275 276 150 29 32 288 166 173 305 50 49 54 439 60 444 465 87 223 353 482 356 358 368 371 243 247 252
9 170 395 141 340
480 2 260 135 397 493 85 27 253
384 3 263 137 142 15 402 287 34 420 299 43 51 309 316 318 195 457 460 464 82 341 88 228 105 108 492 237 240
0 194 388 133 134 359 101 441 174 241 434 85 246 88 345 187 120
130 131 134 7 11 395 268 272 401 278 22 283 34 291 163 292 40 171 302 52 61 73 332 209 466 87 471 92 222 223 352 94 486 232 370 372 121 383
224 450 3 322 229 324 484 488 323 12 396 78 371 19 469 478
289 97 56 420 134 327 361 332 277 374 151 214 314 59 31
274 171 236 227
387 6 392 8 266 398 403 276 150 283 31 424 296 45 310 446 448 201 76 334 465 210 86 343 89 485 235 366 118 249
262 135 391 390 138 397 408 281 282 27 291 37 300 45 178 51 58 60 445 447 450 452 453 203 76 77 336 82 350 481 98 356 486 105 237 117 249 250 127
259 266 17 280 282 159 34 295 175 180 55 56 62 447 207 209 216 346 352 99 485 103 104 236 366 242 119 252
385 293 357 201 458 140 273 371 381 415
9 139 140 277 408 152 286 417 39 315 189 320 196 197 454 198 201 459 336 81 340 212 216 91 480 358 104 361 492 119
248 480 7 397 142 337 209 339 376 410 156 94 63
2 130 133 392 10 12 276 278 280 411 414 32 422 39 297 426 45 304 435 444 316 446 319 196 70 73 462 208 465 466 481 226 234 241 242 497 244
35 356 389 198 206 112 371 309 221 255

16 34 29 13 23 17 22 21 39 24 33 27 37 2 28 3 1 30 36 20 8 15 4 31 19 40 5 35 11 6 14 9 38 26 12 
