500 40
391 9 269 399 279 414 287 32 31 418 34 415 38 299 49 180 54 56 443 61 190 448 66 325 202 206 212 214 347 355 100 233 238 499 379 127
420 37 230 7 392 376 486 205 430 303 495 51 475 280 347 412 152 414
261 5 144 276 29 414 167 303 177 435 57 452 458 78 463 464 477 228 106 113 372
388 390 139 269 397 270 401 284 296 298 171 46 190 191 192 319 453 454 206 214 233 234 491 236 239 496 119
481 488 234 44 496 144 210 112 344 24 191
385 130 392 394 404 152 158 289 40 297 42 299 173 183 311 61 318 71 210 88 239 370 245 126
4 392 268 12 399 16 148 277 30 415 294 434 50 52 183 57 192 449 451 453 69 204 463 464 83 346 478 493 240 116 119
358 489 178 374 279 63
384 390 265 268 410 283 418 38 53 320 194 460 462 342 219 348 224 107 236
388 265 398 271 400 19 404 147 157 31 416 163 38 45 302 177 434 305 53 185 446 66 197 69 209 348 477 351 230 233 496 374
321 292 486 393 269 114 244 183
134 265 396 275 152 409 284 290 444 451 454 84 93 352 354 250 363 372 378 251
384 257 140 416 293 296 169 304 182 449 455 75 333 84 343 474 476 223 96 99 104
6 391 9 149 278 151 159 31 165 173 430 50 182 197 76 462 85 87 348 476 350 351 375 356 230 358 489 490 107 361 237 369 371 119 249
481 129 386 331 346 433 337 499 213 376 282 284
385 449 100 268 333 367 19 122
129 131 484 293 294 171 204 492 110 144 212 470 24 123 92 349
129 1 9 393 267 154 27 29 414 286 172 55 191 200 205 78 475 93 483 234 241 247 376 250
460
3 266 400 16 402 20 405 410 287 289 425 431 432 49 307 55 63 326 201 332 205 81 467 85 86 477 352 100 103 104 234 364 242 245
129 272 402 279 27 160 291 171 172 428 304 60 61 188 196 68 457 349 362 496
289 131 420 323 11 459 272 368 208 496 241 312 409 91 476 254
384 420 325 300 314 463 176 80 272 83 307 90 187 29 351
135 10 490 209 49 53 213
357 454 137 139 332 208 338 116 212 340 91
408 153 285 158 424 171 187 59 196 455 200 76 466 467 86 343 88 363 373 121
129 394 139 400 409 29 185 314 326 332 335 84 218 484 358 103 107 367 112 368 249 378 254
295
448 196 454 170 237 399 81 183
384 382 389 9 139 271 411 34 302 434 55 315 192 66 68 462 208 366 494 112 238 498 126
341 142
386 409 416 48 60 444 62 191 66 199 202 463 80 210 219 91 94 99 105 107
257 133 264 10 16 22 407 28 418 422 168 300 431 436 53 182 445 62 321 72 74 461 78 463 337 220 477 95 224 353 483 484 106 109 119 251 381 383
98 312 200 265 170 142 467 115 184 124 62
136 404 28 285 34 421 39 48 307 58 60 189 193 205 463 335 349 98 362 246
65 329 459 27 477 414
400
228 196 102 108 208 50 243 220 183 252 349
112 145 374
258 387 7 394 14 17 147 276 19 285 29 166 424 44 430 439 198 74 330 467 213 345 485 487 362 364 122 379

33 1 14 20 7 40 4 10 18 6 13 35 22 3 30 26 32 12 2 17 21 9 34 15 38 25 27 11 23 5 36 24 8 39 31 28 
