250 40
135 142 147 148 24 157 158 39 169 41 190 63 70 199 206 82 85 216 219 91 94 99 227 102 233 240 113 243 116 121
164 68 8 170 171 78 206 208 209 115 53 55 124
128 3 132 4 9 12 142 146 22 23 25 31 38 166 44 51 186 59 192 70 204 212 84 85 119 216 220 95 225 227 104 106 237 114 246 247 125 127
128 1 4 6 14 146 23 161 162 48 182 189 83 84 85 90 223 96 97 107 117 248 123
135 11 12 142 150 151 152 154 29 157 34 35 164 165 37 39 168 169 171 43 46 177 49 181 53 182 186 61 63 205 206 208 89 226 100 231 106 117 118
100 4 134 39 106 54
1 132 14 142 147 20 158 162 45 53 186 64 68 69 70 218 97 226 101 104 110 127
163 90 140 110 207 186 187 222
6 13 142 141 17 19 160 163 165 45 174 53 186 190 62 198 208 211 215 96 101 241 121 125
1 61
8 138 203 236 208 178 18 146 121 154 220
225 6 231 240 119 21 181 215 121 221 94
1 134 135 12 151 156 33 171 180 64 65 194 77 206 80 84 222 227 103 107 109 110 239 111 114 117 118
13 143 20 22 24 155 158 36 41 169 45 56 57 59 76 207 86 91 96 225 99 227 101 106 236 109 114 123 126
7 136 142 144 29 31 32 159 164 43 176 56 188 61 189 64 66 69 207 90 226 227 103 240 114 243
1 3 6 9 13 23 155 32 41 169 178 180 181 183 62 193 202 75 76 77 82 87 89 90 218 217 222 103 233 236 109 110 112 113 242 241 119 126
32 194 162 100 7 199 201 42 72 204 45 240 209 148 246 215 158 191
4 135 10 12 13 15 18 149 28 158 31 167 43 180 53 184 198 201 203 77 207 82 83 217 231 236 238 243 116 245 127
0 132 6 7 8 10 11 146 149 21 163 169 170 47 52 182 184 56 193 202 204 78 206 85 214 217 91 220 240 116 119 124 126
3 135 11 141 142 18 19 151 28 29 161 37 39 40 41 42 171 45 180 53 52 186 194 195 67 204 79 82 213 88 89 221 96 230 231 104 106 117
70 178 22 88 57 220 157
225 34 110 175 80 184 187 125
230 105 148 55 60
1 3 134 139 143 144 18 149 36 165 171 172 44 46 175 53 182 183 64 66 71 208 81 215 219 220 92 221 231 234 107 238 239 241 118
4 133 8 15 154 162 36 165 43 172 48 55 183 63 200 73 84 91 227 228 229 103 105 237 110 249
201 172 109 237 142 206 241 78 184
201 139 49 210 116 213 118 151 148 217 247 190
99 136 208 209 155
249 194 59
33 162 193 231 45 144 211 116 181 246 95 88 221 90 53 125 126 191
185 9
209 35 23 207
129 131 4 135 7 8 24 162 166 169 172 58 187 190 64 196 69 202 208 209 214 217 94 99 227 231 105 234 109 240 113 245 247 123 124 127
135 137 145 154 161 164 37 39 41 45 175 51 186 200 208 84 88 216 90 91 221 97 228 229 248 127
6 136 137 19 28 31 32 33 36 38 166 43 173 174 177 49 185 187 195 69 198 73 207 81 216 88 221 97 226 102 110 239 240 111 247 121 122 127
1 138 140 15 28 34 175 180 58 187 189 195 202 76 80 212 88 220 231 108 242 123
0 135 11 150 151 154 157 160 37 38 39 168 172 173 194 68 69 70 199 200 202 206 79 209 84 88 92 93 221 94 101 102 116 117 247 248 122 123
193 228
130 228 102 39 40 45 144 180 153 222 190
42 213
5 16 35 3 33 24 20 19 25 37 18 36 14 15 17 13 9 4 39 1 34 2 27 6 23 
