1000 40
263 264 649 653 543 811 304 692 565 697 449 69 325 74 592 866 355 874 618 108 627 888 895
9 139 396 527 16 791 664 541 32 929 803 421 945 442 59 191 69 70 73 722 471 344 88 856 862 353 761 889
864 449 321 835 807 265 682 812 83 252 981 30 892 797 798
144 528 508
515 399 151 666 669 33 34 681 425 814 815 698 831 969 971 844 846 79 464 83 84 213 726 472 348 101 490 493 238 496 501 118 888 121 123
641 387 522 403 533 540 798 543 928 33 288 927 420 684 177 563 185 186 62 65 580 964 971 588 717 208 725 344 472 731 96 738 484 614 103 872 500
643 902 9 266 529 788 405 287 31 930 167 553 436 824 570 315 831 448 67 836 452 456 206 335 469 343 728 90 867 228 750 112 753 754 245 631 761
64 193 96 417 997 747 798
545 357 717 239 273 722 883 822 598 665 507 317
896 898 891 6 903 15 913 530 151 155 412 41 428 558 559 817 821 446 703 323 708 964 202 203 844 465 341 857 221 612 869 250 494 886 502 634 635 255
320 192 384 199 490 844 688 594 505 571
648 776 264 11 913 19 22 918 801 176 560 307 947 437 183 58 197 330 972 857 476 861 608 483 997 363 493 111 506
513 641 773 650 11 668 31 675 164 174 176 561 435 969 714 81 82 601 739 101 493
519 648 776 780 654 145 785 24 152 155 162 424 938 301 430 560 311 954 571 700 957 701 192 833 458 78 463 980 982 471 728 856 987 859 736 759 888 126
775 138 907 526 145 936 564 575 835 969 79 595 729 475 91 992 352 99 872 495 631
904 273 657 19 789 926 159 800 928 419 679 426 696 698 333 976 464 467 213 606 479 483 232 233 104 753 890 509 255
867 808 361 222 607
0 517 647 520 137 404 663 409 27 539 929 36 685 51 694 571 573 835 971 78 848 594 467 90 734 95 998 492 493 120
128 260 5 518 395 12 531 277 790 28 33 34 676 685 187 958 65 836 199 847 348 610 997 757
642 645 390 909 398 534 410 667 163 292 810 687 47 561 179 824 698 443 574 704 836 967 585 73 461 730 219 603 223 352 485 742 230 754 376 633 634 252
649 790 674 292 293 294 297 938 305 436 954 188 190 834 451 966 331 203 206 464 82 83 853 609 101 617 877 238 494 879
385 129 136 137 910 527 656 786 274 150 663 679 297 426 559 688 178 698 192 585 974 78 87 986 97 490 748 886 378 251
57 156 166
513 780 654 276 407 932 807 426 172 48 948 190 200 714 972 78 719 472 247 763
266 267 402 915 404 919 665 417 37 810 950 55 824 826 578 839 970 846 851 340 853 981 471 606 993 748 622 242 371 378 635 765 767
259 902 776 139 529 533 534 792 282 671 290 36 676 805 167 297 682 561 435 309 569 956 835 708 197 970 459 204 846 722 210 599 482 483 612 357 234 366 762
7 19 536 543 288 419 677 422 45 822 568 442 572 63 80 605 748 877 763
512 387 137 655 16 400 559 433 179 54 439 184 695 192 197 209 726 344 602 351 755 634 255
518 270 655 33 674 424 561 699 450 452 457 83 851 340 87 603 95 993 611 357 487 615 620 369 629 503 380 250 764 254
609 675 741 69 902 872 230 522 878 209 306 657 438 728 924 766
203 957 661 539 317
903
259 10 268 798 930 803 931 37 299 175 815 305 303 950 443 829 843 588 206 592 470 344 473 857 990 612 615 360 106 363 619 110 623 639
901 779 141 16 400 915 153 411 927 171 686 47 688 436 958 318 832 72 76 844 845 85 989 867 361 752 123 636
322 709 486 583 595 472 90 575
769 133 913 534 539 681 175 689 946 53 838 206 81 349 228 747 367 243 884 245 250
485 677 77 592 626 116 599
2 267 780 781 281 416 163 934 423 429 51 442 317 332 336 848 993 865 486 373 247 254
901 6 778 783 661 535 153 923 926 810 46 311 320 961 706 205 979 595 86 726 474 997 105 625 379
826 763 181

26 14 20 6 10 7 5 25 33 18 34 12 16 1 29 39 2 21 38 22 19 15 36 24 27 28 13 3 30 9 35 37 17 4 23 11 8 40 
