250 40
73 13 46 175 48 177 79 51 179 25 123 60
128 2 42 106 108 173 113 148 124
224 3 68 198 172 173 209 49 82 116 181 60 191
43
132 6 10 141 146 147 19 21 151 152 165 39 173 175 49 52 183 188 191 203 204 79 88 90 97 233 238 240 117
4 133 134 12 142 20 149 32 162 37 38 170 171 44 175 179 189 191 65 66 67 202 208 215 217 91 99 228 227 106 236 237 248 121 125
229 11 108 175 146 179 52 86 156
121 65 67 35 131 146 244 21 157 214 185 218 59 93 223
6 138 14 142 145 147 27 28 160 33 39 168 42 170 174 49 54 57 190 67 69 70 74 203 204 223 225 99 106 112 241 249 125
130 229 105 233 238 47 23 152
35 69 108 77 78 46 210 245 158
4 9 140 145 146 27 158 33 35 168 43 171 47 49 180 57 58 189 64 66 195 196 197 70 205 209 211 89 94 99 228 101 231 103 234 235 108 107 238 112
128 135 141 15 16 18 19 148 155 29 32 168 169 172 175 47 179 184 185 59 190 67 201 203 75 211 84 214 89 223 98 101 232 108 109 246 124
131 4 134 143 32 33 163 36 164 167 40 169 43 45 174 181 55 60 61 62 70 199 72 81 82 86 215 214 89 97 99 112 245 248
142 20 153 36 38 42 188 73 204 80 81 88 247 94 98 234 114 246 119
59 212 119
161 194 249 135 136 8 106 171 139 236 110 207 89 188 61 190 191
130 137 140 17 26 157 37 38 45 185 58 190 199 201 73 215 217 220 96 224 227 228 102 239 244 117 119 248 122 125 126
64 38 169 9 106 74 203 46 15 144 241 51 115 150
0 226 34 102 248
4 132 134 8 16 149 153 155 169 52 181 187 193 78 86 90 230 239 115 125
224 194 3 38 199 72 200 44 109 238 205 76 209 86 56 156 93
131 3 5 7 137 139 11 141 14 146 151 23 158 34 36 37 41 172 177 50 180 56 184 65 76 212 85 215 96 97 103 108 109 243 117 121 125
98 35 196 69 77 143 144 178 245 56 121 27 125 222 216
141 14 13 23 151 156 30 161 35 36 174 47 48 53 58 189 62 61 201 76 208 85 89 217 90 98 99 233 235 110 114 121 127
89 1 153 226 233 169 139 201 141 111 49 119 21 87 184 121 58
97 67 132 228 102 196 8 166 6 236 207 179 245 55 151 121 186 93
3 6 142 146 147 153 156 158 35 42 171 47 55 63 194 69 198 72 74 217 97 98 99 226 102 234 111 239 241 116 249 122
66 164 40 11 79 244 215 186 190 191
148 152 153 27 42 55 190 195 71 208 209 212 98 232 233 108 236 119 248
10 227
226 35 194 165 102 164 3 235 76 208 147 148 61 90 29 126
100 14
2 137 145 21 157 29 31 32 35 164 40 174 176 53 60 196 71 201 78 207 208 81 216 90 222 94 98 100 101 106 234 238 244 247 120 123
0 4 5 9 138 12 13 15 16 148 26 162 163 44 178 184 58 63 207 88 230 102 235 111
66 220
129 2 134 8 13 142 143 16 147 32 33 37 166 38 169 170 46 176 50 55 185 188 70 201 212 89 219 221 222 96 232 106 235 110 241 124
200 203 204 14 240 81 180 183 188
0 136 11 140 147 24 153 32 162 36 165 47 177 56 61 192 197 70 73 74 75 204 212 91 225 99 232 106 239 240 113 122
0 1 12 13 151 41 43 44 177 178 183 56 187 61 193 68 196 70 91 220 100 229 103 235 109 116 248 249 127
12 23 37 34 13 28 40 5 18 6 14 9 25 39 19 27 11 35 15 22 26 8 1 10 
