1000 40
904 533 536 802 425 555 433 179 568 326 987 733 221 482 498 115 502 763 381 383
929 833 934 967 936 723 180 789 950 631 21 152
898 771 658 167 554 318 448 963 324 198 71 454 592 346 474 220 221 114 115
259 906 523 792 542 35 547 295 178 63 578 970 461 723 727 486 109 498 630 760 510
9 650 267 783 146 665 668 796 414 289 550 937 173 686 178 434 695 567 569 697 63 836 74 852 474 221 862 610 485 494 883 884 503 255
768 389 645 398 272 660 279 29 162 680 45 431 563 949 181 313 320 706 839 460 78 208 602 732 861 994 738 612 357 228 231 745 618 362 622 115 378 252
896 392 910 786 915 18 150 921 796 29 32 33 674 813 306 948 699 832 322 965 459 334 742 102 999 489 873
1 382 260 262 519 902 383 907 781 789 533 535 925 32 289 805 818 442 571 956 701 836 586 979 871 616 360 104 881 756 632 124 510 895
902 777 10 910 145 275 789 538 678 686 960 836 334 847 209 84 472 728 733 995 357 487 620 492 241 371 886 891 383
700
514 772 136 392 11 654 272 894 408 26 161 419 38 678 936 41 170 553 812 45 173 818 53 822 316 956 580 972 717 718 853 214 729 858 354 360 112 889 381 510
858
642 135 531 21 541 417 34 163 932 296 168 430 695 56 570 573 322 976 722 344 857 861 870 871 489 114 378 127
844 671 308 919 127 159
771 643 136 9 659 917 923 930 804 167 295 816 50 178 186 315 702 579 967 721 85 598 347 617 236 368 753 628 760 380 253
960 86 502 30 255
258 387 261 274 530 147 663 922 670 543 419 299 558 944 689 690 564 316 63 192 586 206 848 978 83 220 612 999 110 764 767
643 393 654 786 661 157 29 931 165 679 424 45 301 945 949 186 700 957 448 961 200 82 595 850 477 480 237 754 123
864 256 518 617 202 234 844 365 461 274 882 699
512 386 521 397 787 20 406 536 412 31 420 677 682 174 302 692 190 456 843 978 602 220 482 231 744 755 118
160 453 293 396 556 276 437 405 733
897 2 259 899 519 524 653 782 17 145 402 24 282 155 154 926 415 161 35 294 934 556 303 56 827 444 64 66 467 985 219 739 743 752 884 252
513 771 323 103 424 756 154 251 255
836
412 357 44
265 878 531 728 923 62
494
288 884
643 661 917 283 796 544 417 289 673 165 169 555 299 46 47 305 434 58 699 956 318 959 970 202 716 591 209 470 984 345 601 351 356 870 377
896 0 514 779 281 928 931 548 41 170 554 686 687 433 694 311 440 447 965 70 969 592 598 730 478 351 95 359 361 111 367 881 501 246 503 762 382
393 138 15 400 927 164 807 937 310 568 824 954 443 445 189 449 458 970 848 850 469 985 730 217 605 482 484 108 883 884 246 631 249 506 890 383
257 509 2 519 11 524 893 271 273 914 917 149 796 545 417 805 684 573 449 712 463 979 728 88 986 90 988 600 610 877 879 239 883 117 637
900 263 9 908 398 146 788 665 668 38 296 816 439 696 318 833 970 81 83 84 601 94 866 355 868 99 994 615 494 112 117 505
130 389 7 905 10 779 396 268 911 15 147 415 675 164 551 297 42 944 186 700 66 839 856 219 479 994 611 998 107 364 110 624 374
448 636 640 357 743 263 59 362 681 781 15 188 978 249 634 443 156
770 900 778 267 908 653 401 148 278 663 538 285 544 801 420 939 689 826 59 58 319 961 709 710 326 74 206 593 85 603 486 616 621 750 110 887 763 380 253 638
737 674 866 676 328 695 233 460 142 945 18 465 564 52 791 731 606
322 549 102 208 209 83 568
642 517 651 147 542 287 425 47 446 705 332 725 470 86 95 864 992 492 242 627 887 251
131 272 151 26 924 172 943 816 306 563 438 698 449 580 977 82 81 593 727 602 349 356 232 491 367 242 757 245 250

36 11 6 31 30 32 22 29 15 20 8 34 13 33 40 7 17 39 18 5 9 4 37 3 35 19 21 1 2 14 23 26 38 16 25 28 
