250 40
135 138 11 148 153 161 167 168 40 56 185 66 67 201 77 219 222 97 119 123
228 41 10 106 48 178 242 20 53 52 182 150 121 122 28
41 202 69
134 7 135 13 142 24 28 30 159 169 44 53 54 55 182 204 77 210 88 93 225 227 100 106 236 110 240 115 245 120 122
0 2 133 6 136 137 18 158 159 161 162 38 46 190 196 75 208 210 98 231 237 241 246 119 123
130 4 146 152 30 33 163 164 42 172 179 75 80 84 87 222 95 99 229 241 247 120
159 151 26 79
220 246 84
35 11 79 52 190
1 66 68 4 202 171 207 177 178 52 215 249 186
128 1 130 3 131 134 136 140 31 163 167 41 172 51 72 200 74 84 98 228 115 249 122 126
58 71 231 169 140 238 114 181 86 122
128 2 3 131 12 13 20 149 22 25 28 157 162 35 36 165 171 55 190 66 69 71 201 202 204 206 207 213 224 98 107 110 114 245 247 121
133 9 138 12 13 24 155 32 41 172 173 47 49 178 52 180 182 54 185 188 62 73 75 204 79 211 213 216 218 93 101 104 232 240 249
32 225 1 97 36 101 134 229 171 173 238 144 145 186 157
128 130 136 12 143 155 160 33 37 39 175 178 183 184 186 189 190 67 70 200 75 79 218 93 105 235 119 248 125 127
2 133 137 9 139 16 21 159 160 32 162 35 164 161 41 45 50 180 53 183 59 62 70 201 204 209 83 211 214 222 97 232 104 233 107 105 111 244 247 122
0 8 137 10 143 151 29 162 164 36 166 38 169 170 43 180 53 55 63 65 195 197 73 77 81 215 219 92 224 233 106 110 115 117
6 11 18 148 29 158 37 166 168 42 43 172 51 186 59 66 200 72 217 222 224 228 232 111 114 118 247 123 126
1 129 130 8 10 141 16 148 23 155 36 170 171 42 176 180 181 184 60 189 190 64 65 68 69 205 78 79 217 109 110 111 240 113 242 244 117 249 123
139 140 142 19 149 154 28 36 45 177 184 188 190 63 65 195 89 98 111 244 117 248
133 7 137 10 14 17 20 153 32 162 163 37 43 48 50 52 182 187 192 65 201 76 81 210 211 209 213 85 216 222 231 233 243
129 194 36 104 234 204 237 78 77 210 150 55 24 86 218 155 62
98 195 227 69 10 171 75 12 113 222 22 248 122 124 29 62
132 13 142 20 21 151 167 43 178 180 181 194 67 199 72 201 71 75 85 220 98 105 106 236 238 113 115
7 8 16 157 170 177 181 193 194 71 215 217 94 102 105 236 111 112 240 127
128 101 37 39 27 169 78 147 59
10 18 148 156 159 162 164 175 50 182 54 184 187 191 64 65 67 77 85 93 98 236 237 110 239 242 243 114 244 120 125
129 4 6 134 135 142 144 17 146 145 150 22 155 29 30 159 44 182 56 190 194 195 196 70 201 76 220 222 97 226 229 233 106 109 239 111
199 176 117 218 31 95
0 130 136 12 145 154 32 168 41 55 66 71 202 78 90 222 224 228 229 238 119 120 249
128 129 2 3 133 6 21 23 157 165 178 182 188 189 190 192 64 69 201 75 80 217 93 98 99 229 233 105 112 241
131 10 11 140 142 143 149 153 29 158 43 45 47 55 57 187 198 75 79 80 82 212 88 241 242
161 67 41 204 79 81 82 49 20 149 248 61
129 228 231 169 55 123
129 132 136 12 16 149 32 43 54 58 71 208 83 85 213 215 216 89 94 222 100 110 118 119 248
135 153 48 188 189 61 198 200 73 79 80 209 89 92 104 243 115 244 247 122 126
0 1 5 141 151 25 157 175 56 196 200 73 82 214 119 91 93 223 224 104 107 238 114 244 116 247 123
4 231 41 109 186 125
163 99 43 11 45 48 241 244 20 183 57 186 247
17 20 29 13 16 18 22 33 14 11 36 28 38 6 26 31 4 5 23 27 25 21 37 1 24 7 
