1000 40
480 934 743 971 652 942 272 848 210 791 88
673 930 610 196 10 430 122 383
140 527 145 658 532 791 803 294 423 554 821 567 441 319 961 962 78 207 80 598 477 741 235 508 760 498 243 631 888 249 636 125
158 873 203 813 277 662 990 216 986 539 734
256 514 133 392 780 142 535 49 58 960 576 962 717 599 607 98 104 749 254
257 772 135 776 397 915 927 33 421 678 934 936 297 553 300 187 572 195 71 72 329 337 339 981 983 90 220 95 991 97 765 382 895
961 995 38 974 626 594 178 310 343 87 859 319
9 907 908 142 658 922 674 803 425 48 562 55 827 572 325 720 340 342 219 988 604 739 364 878 112 753 885 889 892 382
384 385 8 139 525 406 538 796 35 36 682 810 556 175 559 307 820 567 450 79 336 857 603 220 609 355 103 616 745 364 879 881 629 502 121 767
387 3 5 260 17 915 276 21 662 669 674 424 171 691 819 314 443 829 323 455 584 72 82 84 985 732 998 231 373 118 247 120 126
513 675 67 452 486 525 244 149 118 473 955 604 509
259 675 796 554 300 780 238 559 431 497 245 891 380
775 395 654 527 915 405 666 540 293 294 935 297 559 180 322 325 197 840 75 78 334 212 95 96 735 746 379 123
768 128 2 775 649 780 12 525 21 406 925 797 800 677 550 936 686 436 823 447 195 201 587 972 204 716 207 86 870 751 371 115 890
771 227 454 872 956 907 394 138 182 25 380
937 298 617 557 466
519 407 537 26 931 164 549 176 51 692 570 471 474 994 624 753 883 632 636 638
407 899 132 549 71 394 522 658 690 246 567 506 605
970 42 300 395 110 178 347 309 314 59 252 605
512 513 769 133 524 654 400 156 807 564 827 958 578 845 80 82 596 729 858 229 742 619 492 624 244 250 766
764 360 473 187 303 591 975 757 759 825 443 220 125 990 959
642 131 516 261 517 132 271 148 151 544 802 418 37 936 432 434 441 698 66 845 846 721 213 725 91 226 251 118 889 250 891
160 226 44 654 660 756 727 792 375
194 804 613 231 809 687 442 273 435 22 312 58 700
482 36 613 997 452 40 967 170 274 309 892
258 771 387 774 138 267 654 533 149 151 409 552 682 683 816 313 59 581 584 841 844 207 596 602 860 221 94 349 351 993 233 624 115 251 255
161 964 967 942 143 499 468 532
768 259 902 274 788 22 793 26 286 799 671 929 302 690 819 440 708 200 712 346 989 108 880 252
452 773 805 133 638 236 653 817 116 214 694 472 475 669 766
386 387 519 275 531 799 288 37 934 293 429 946 818 581 326 456 977 866 483 614 495 879 760 509 126 511
258 200 41 367 531
768 770 517 646 7 524 530 537 409 155 932 39 679 50 692 693 948 567 570 827 449 196 73 336 721 977 213 352 484 485 360 749 112 884 253 511
513 324 388 326 490 746 346 495 785 531 247 826 638 63
832 812 846 814 757 439 351
641 386 2 142 271 528 656 531 290 162 932 39 942 689 436 565 957 707 67 72 714 334 81 850 219 606 100 615 884
770 899 516 648 14 657 277 534 666 411 284 288 289 801 560 180 829 702 63 193 836 205 845 337 84 215 992 356 997 870 107 621 109 238 371 117 504 763 766
271 656 912 20 149 277 792 539 283 671 418 45 51 692 955 702 450 584 842 971 717 476 609 98 227 234 366 764 895
896 774 780 783 26 422 434 695 953 442 314 700 319 454 714 727 471 344 731 476 862 222 355 100 870 487 744 874 363 618 111 505
620 333 749 575 406 472 665 27 444 926 127
257 781 401 406 794 540 928 290 808 172 562 821 826 699 571 325 200 845 852 88 92 862 738 741 360 876 751 623 114 755 502 125

36 9 26 32 6 3 38 10 40 35 28 14 22 8 20 37 13 30 5 29 7 17 21 24 39 4 2 19 1 15 27 23 16 33 12 34 18 25 31 11 
