250 40
78 177 49 147 216 60
33 99 196 197 235 173 15 48 244 55 187
128 131 4 133 8 140 142 157 33 38 41 48 49 181 182 185 58 59 191 193 195 71 210 224 102 245 126
96 65 159 132 5 197 73 13 77 78 173 113 248 153 88 189 216
6 136 143 17 158 33 34 35 169 170 42 50 179 185 67 69 80 213 88 219 220 96 106 234 236 238 247 249
65 133 104 206 16 155
160 163 40 8 171 141 13 208 82 51 122
7 137 140 23 25 157 30 31 33 34 164 37 167 174 46 176 180 53 54 188 193 196 70 198 200 74 207 213 228 249 106 108 115 118 246 121
5 134 138 11 140 17 150 24 27 29 32 160 35 164 174 179 59 75 207 80 209 81 214 89 222 94 98 243
129 9 141 143 144 147 151 156 166 174 47 48 183 187 69 200 80 213 92 221 226 228 229 117 125
5 7 139 140 155 161 165 46 50 179 178 55 195 70 72 201 74 206 207 210 220 97 228 104 233 241 243 244 116 126
2 133 134 137 140 15 146 21 22 154 156 157 158 168 44 45 179 55 187 189 72 201 202 81 91 220 100 105 236 108 114 244 246 118 120 123 124
134 142 143 152 156 166 40 170 174 57 187 188 190 202 74 203 205 83 84 97 230 108 239 123
11 139 12 15 151 42 180 64 198 207 218 91 226 232 106 115 244 245 126
192 161 34 165 135 168 233 42 75 12 106 79 113 54 55
3 136 137 10 20 21 150 23 160 33 165 167 175 180 183 185 188 64 197 71 200 203 204 77 88 91 226 230 234 111 125 126
0 130 2 4 133 7 140 18 19 27 28 29 30 158 156 32 34 165 172 175 181 188 190 199 217 95 230 103 105 111 115 116 119
132 6 8 138 141 16 146 147 152 28 29 164 37 167 43 172 177 183 194 69 203 77 79 80 83 85 91 92 221 99 102 235 113 243 119 122 125
225 162 7 199 174 146 83 55 25
160 65 66 69 6 197 72 75 111 15 143 18 53 21 151 57 220 30
231
161 132 164 206 116 182 24
0 5 133 11 17 146 22 159 32 164 42 43 55 65 72 200 202 203 208 209 221 223 230 105 115 244
162 45 142 178 148 58 155 28
0 1 10 142 143 145 156 34 171 172 174 176 48 54 184 62 71 200 74 203 76 79 217 98 226 102 234 236 243 118 247
227 196 238 242 150 222
4 7 8 152 165 174 177 49 185 57 188 67 69 199 72 204 226 114 243 248 127
165 232 105 10 200 207 242 243 84 179 50 118 24 121 187 93 94 223
143 18 159 33 161 167 41 172 47 50 180 190 199 73 204 79 82 228 101 103 243
134 136 10 145 28 157 165 169 172 45 47 178 64 207 80 84 85 213 92 232 114 115
130 141 148 150 86 217 219
129 3 7 145 151 23 153 164 169 41 43 45 50 53 182 184 60 63 64 68 73 78 79 211 221 222 99 101 232 104 235 237 243 245 118
128 131 140 13 145 22 152 29 160 161 40 42 48 55 58 189 72 202 206 216 217 218 91 95 225 99 106 239 240 243
11 14 18 20 28 162 167 168 40 55 184 61 191 193 203 80 209 212 102 231 238 115 117 121
134 7 11 16 154 28 31 165 48 181 56 184 59 189 65 66 208 214 215 102 230 231 127
0 129 128 131 136 9 137 138 146 149 151 31 35 164 43 47 49 179 180 181 182 186 61 191 192 193 67 77 78 209 94 227 100 104 234 236 238 242 243 121
130 17 18 22 23 154 28 160 38 169 172 195 72 73 204 206 80 81 89 223 101 244 245 249
3 4 5 134 133 137 141 148 23 26 159 38 170 180 181 182 185 59 188 62 65 194 195 196 197 199 218 104 108 243 127
129 7 142 22 28 156 160 33 163 39 167 42 45 183 60 63 194 77 207 85 218 235 108 241 242 124
193 131 228 4 38 73 170 202 171 173 142 209 222 190
36 12 18 8 32 17 38 33 25 11 9 34 13 35 4 7 10 37 15 31 3 39 28 
