1000 40
353 420 613 484 206 176 113 19 243 566 442 94
930 107 307 56 985
353 644 197 743 492 301 757 955 351
901 153 155 32 418 676 36 678 805 809 940 45 174 173 945 568 56 447 321 209 215 346 477 737 487 364 627 122 509
256 771 260 779 270 143 144 786 659 147 794 30 417 677 425 683 951 963 323 971 592 849 722 467 593 471 350 865 482 740 742 873 363 875 237 885 630 254
353 107 174 31 959
906 138 404 25 793 925 542 297 560 305 182 60 62 194 708 325 201 461 468 220 614 103 487 872 627 118 895
388 644 392 893 792 25 29 542 929 164 553 170 950 66 332 981 215 732 863 96 608 361 369 120 124 637
521 394 393 542 31 672 928 549 423 177 435 821 439 312 952 448 833 325 75 82 980 598 215 984 729 87 477 618 364 236 371 888
642 528 918 411 670 671 158 801 683 427 815 817 313 960 324 76 463 90 475 874 110 238 250 255
965 263 519 458 491 527 531 147 796
416 612 325 292 968 428 81 244 983 985 990
197 744 811 973 252 314 475 956 637
8 650 784 402 20 296 568 315 191 321 836 843 465 84 600 862 747 111 884 376 250 127
161 929 196 229 581 234 75 170 751 976 818 564 695 728 282 380
2 3 526 23 930 683 815 945 948 56 697 443 66 707 580 197 838 708 453 710 723 986 90 362 363 492 111 498
262 522 651 911 656 145 149 151 285 31 173 433 434 180 181 183 696 573 62 959 962 578 452 326 83 212 215 989 736 737 102 362 621 368 625 881 372 245
641 643 137 9 786 790 151 795 543 674 431 186 700 194 838 842 984 88 346 91 857 477 998 236 365 496 631 122
189
128 642 392 910 669 44 182 571 317 577 65 321 972 464 731 862 737 354 491 368 758 631 630 125
368 953
512 772 778 138 912 17 914 547 292 938 185 451 967 840 329 76 463 89 875 117 251 893 254
645 11 141 409 921 285 30 298 691 54 573 832 196 74 82 858 861 481 98 748 496 498 117 632
477 64 514 293 70 776 297 72 311 115 602 87 727 634 889 474 220 152
0 523 907 910 916 408 286 287 547 555 428 560 818 567 568 324 838 967 841 206 336 84 215 475 863 238 496 760 244 888 509
481 450 804 549 935 8 521 519 814 528 880 147 254 727 24 505 955 126
225 635 106 893 590 239 656 529 562 594 82 146 470 535 632 497 475 349
130 772 391 137 138 265 526 15 402 794 539 796 286 163 295 811 560 304 691 184 186 317 191 584 970 843 204 470 86 217 861 222 734 751 753 754 881 889 890 637
897 517 7 392 648 265 651 789 918 408 924 550 167 169 944 561 435 955 315 829 831 959 836 583 584 455 336 209 594 735 248 353 865 356 872 753 629 504
129 899 771 775 647 906 524 530 663 536 29 288 420 421 45 943 946 819 697 826 455 456 585 716 717 979 603 732 103 360 359 108 625 883 500 756 375 505 124 510
556 141 334 751 14 221 733
915 790 663 921 922 926 288 161 803 806 53 58 446 831 320 833 325 465 598 726 226 105 750
770 389 775 519 265 524 272 24 32 680 427 304 183 824 704 64 195 588 594 854 474 225 611 106 747 363 888
928 200 458 939 236 106 118 791 630
265
611 249 102 390 329 202 940 941 886 599 856 697 694 251 188 766 639
97 674 65 165 453 167 234 11 205 654 975 177 562
0 385 130 637 652 781 912 914 19 406 413 414 798 671 804 817 950 56 442 957 79 470 343 473 619 748 491 626 250 509 895
135 780 909 398 659 150 797 802 805 166 682 303 820 952 569 966 199 591 854 474 220 605 606 608 482 100 491 620 235 244 379
387 405 412 925 293 550 551 935 948 324 198 79 213 986 479 223 237 884 117

28 30 17 5 29 9 39 38 25 16 18 33 20 32 8 23 36 7 10 40 4 24 22 27 15 14 1 12 37 13 11 31 26 3 34 2 21 19 
