1000 40
261 135 797 541 419 549 679 812 942 175 326 75 335 80 346 866 103 743 111 758 509
288 290 931 868 8 779 204 366 50 183 56 922 93 894
160 2 893 496 339 564 406 314 349
394 146 276 278 155 552 686 561 177 52 822 55 967 74 715 466 339 857 368 127
644 645 8 151 410 924 416 546 39 169 170 42 298 300 175 432 818 435 690 439 568 313 442 576 195 710 216 730 223 224 611 998 108 749 495 496 120 891 380
898 387 778 781 270 657 17 913 289 803 809 427 302 430 691 820 565 61 319 706 452 82 980 86 598 215 985 992 865 227 228 484 867 873 618 621 245
450 98 991 389 583 426 140 79 16 144 914 817 404 213 823 856 58 95
736 739 262 937 105 306 532 376 185 510
800 544 674 386 613 938 43 702 269 399 175 17 915 155 381 318
648 779 525 270 784 533 281 282 297 940 947 949 832 973 208 82 91 995 620 748 755 502 889 638
8 648 138 142 916 409 541 798 547 936 44 440 701 67 324 968 856 94 735 355 611 877 111 627 374 635 763
387 645 783 278 535 410 538 156 164 551 682 813 173 175 816 947 565 694 951 570 195 71 713 207 722 852 341 88 601 219 476 605 93 734 102 880 628 117
288 33 322 417 677 681 426 618 81 467 726 887 854 122 155
385 898 388 265 9 654 912 407 919 666 27 674 806 680 808 939 304 316 574 320 66 835 204 76 851 83 983 477 96 356 508 114 883 884 757 626 248 380 766
326 745 171 363 237 911 51 22 574
390 269 398 17 788 662 920 24 281 799 675 552 298 822 702 320 839 333 80 355 359 364 494 239 379 255
640 130 644 901 521 137 907 269 656 272 16 789 536 921 293 37 172 55 703 64 577 706 592 208 978 82 338 723 979 89 866 994 236 887 377 507 509
480 518 264 362 587 140 973 430 943 338 790 539 927 923 28 510 763
697 204 605
824 821
131 869 622 399 911 270 830 799 280 90 477 862 255
352 612 580 198 234 113 721 83 182
482 963 541 771 899 713 170 589 474 370 153 154 765
482 215 265 395 656 178 373 375 154 159
898 6 7 531 403 147 536 153 544 417 289 37 40 809 47 59 445 320 453 840 841 970 971 205 339 87 346 475 221 350 225 737 613 102 232 494 751 755 117 635
770 644 524 911 20 663 536 922 411 156 422 296 554 946 309 570 315 317 704 576 706 451 960 71 329 205 467 852 726 471 345 733 96 226 613 486 747 494 504 507
769 644 900 525 785 790 680 687 304 945 952 698 571 187 832 69 199 462 975 848 718 339 215 729 601 479 248 100 870 876 112 125 120 121 635 765
2 5 261 521 266 910 143 922 412 30 545 44 173 814 172 941 568 965 459 846 594 477 355 358 486 620 621 119 633 122
390 904 11 909 155 413 161 291 677 679 306 696 954 62 83 340 854 229 371 372
0 770 526 15 917 920 288 161 41 810 181 182 184 575 710 971 465 225 355 106 492 243
768 131 652 792 157 544 935 297 560 947 699 578 580 584 588 468 982 475 868 749 248
2 774 406 543 421 295 297 428 432 54 828 829 445 705 193 580 836 718 975 848 337 974 851 724 728 476 95 736 612 873 619 888 248 122 894
130 647 525 654 401 658 531 916 149 153 160 803 293 935 691 52 182 311 313 700 956 576 65 708 456 332 848 725 600 475 605 872 232 874 379
640 897 770 4 263 399 913 531 148 408 413 420 169 554 428 692 700 574 67 198 454 973 974 602 990 352 739 618 746 498 504 890
646 520 905 781 911 912 528 18 917 924 544 33 37 294 299 814 51 439 823 57 184 568 318 326 714 972 848 733 611 868 743 752 113 496 247 505
908 653 533 674 940 944 50 179 574 832 707 708 581 840 712 76 207 720 723 724 470 983 475 348 349 609 356 620 631 766
131 654 782 530 276 278 32 290 932 941 944 48 306 434 577 578 705 581 457 206 975 852 725 736 480 354 867 612 741 869 366 242 118 763
258 774 9 521 528 529 147 20 21 277 22 407 799 932 313 314 961 197 328 849 87 731 733 482 739 741 235 879 881 247 761 894 639
132 516 795 155 164 554 684 319 448 321 832 456 587 460 203 339 596 599 871 104 489 874 746 362 878 378 624 753 373 758 634
385 775 13 654 293 807 296 813 559 181 951 579 847 861 360 106 874 113 114 883

25 5 14 6 26 17 32 39 37 27 35 11 12 16 34 38 28 33 29 36 7 30 4 10 31 1 40 18 23 9 8 21 24 15 13 2 22 3 20 19 
