500 40
225 491 4 247
418 324 426 236 172 14 462 399 433 371 404 212 341 311 440 378
248 391 263 490 42 269 399 499 284 472 345 315 120 285 95
224 65 291 37 358 167 134 200 10 203 327 370 435 217 58 381 414
12 141 142 271 143 29 164 302 435 446 456 74 81 211 467 472 228 490 242
256 2 264 400 273 403 278 285 417 41 179 189 449 325 199 459 332 75 466 214 470 88 474 98 356 102 486 237 367 111 376
354 490 239 374 439 410
258 398 144 18 152 282 157 286 31 169 429 46 60 451 453 200 466 85 225 354 103 111 117 122 380
3 132 5 7 141 14 402 405 153 28 433 185 192 321 454 71 85 215 91 234 362
129 99 81 466 55 158
257 269 142 270 16 274 410 156 415 44 173 177 438 440 187 323 198 336 211 214 344 219 223 353 97 489 368 241 378
255 390 392 141 15 147 406 25 158 293 422 295 168 43 174 175 302 433 50 51 453 71 76 207 81 247 475 224 485 102 489 239 119 127
128 393 10 141 143 148 407 154 411 26 160 421 41 430 458 212 214 473 91 221 350 359 366 369 370 371
139 268 142 277 22 405 408 149 26 289 167 174 48 50 310 184 185 317 68 326 201 459 76 333 206 466 345 347 476 354 227 486 105 106 242 127
130 147 405 27 164 47 49 440 185 190 447 67 206 466 339 340 220 353 482 484 489 234 491 238 111 243
129 392 265 139 144 18 274 410 155 158 415 34 420 422 43 306 66 69 200 478 480 97 226 353 493 240 114 244 373 247 376 123 382
256 2 4 6 135 8 145 18 274 148 21 278 413 415 300 301 45 305 436 61 318 72 458 466 82 467 213 85 215 223 352 101 106 235 493 498 243 244 115
410 446 150
390 142 19 20 148 150 178 50 59 60 188 189 62 323 196 452 458 75 76 205 464 470 483 484 228 105 490 245 378 380
291 287 229 302 368 434 52 469 127
391 400 21 22 281 286 161 293 424 44 57 320 450 461 79 209 81 472 476 93 482 104 377 251
5 278 407 422 426 299 428 175 177 192 66 322 74 332 77 80 470 218 475 479 363 244 374
389 262 395 145 273 149 22 412 287 293 423 170 431 435 52 53 438 311 185 195 453 200 74 463 80 338 339 86 479 358 239 368 241 372 116 248 121
451 396
259 391 141 144 404 40 425 299 182 55 191 451 196 69 72 202 359 488 108 495 112 115 248 381 254
257 259 4 263 144 401 274 16 148 26 291 422 297 303 441 60 321 331 207 220 224 101 232 361 236 369 380
384 133 8 266 267 143 15 146 150 286 418 162 165 37 426 171 173 47 304 308 184 186 442 443 318 83 213 88 475 93 480 97 499 117 246 249 126
481 196 391 423 394 460 78 494 302 48 466 52 213 117 215 24 346 92
6 21 25 286 416 33 422 423 426 176 436 438 311 441 317 448 198 78 467 212 471 343 483 100 103 114 371 118 120 122 255
258 261 393 396 410 27 412 296 184 190 447 193 213 225 353 99 100 101 358 235 364 111 118 120 249 253
128 130 138 403 19 409 29 30 413 290 164 296 42 43 435 54 56 442 58 63 327 458 78 79 82 340 213 91 481 485 360 121
388 16 146 279 151 154 302 435 56 315 60 447 450 324 71 200 331 337 217 251
256 131 389 145 34 293 422 429 311 185 191 195 70 200 202 203 206 335 336 84 89 91 349 355 231 496 240 498 249
34 3 68 485 390 263 391 42 75 493 46 112 306 19 472 187 61 30
344 478 71 201 298 211 119 184 158 190 383
128 292 197 293 403 84 284 436 409 186 27 60 381 191
260 275 276 404 406 21 289 291 165 169 298 173 310 311 188 445 61 195 206 334 465 340 341 215 349 350 226 98 359 362 234 110 239 241 372 118 247 249
96 290 482 356 329
389 168 72 107 494 367 370 179 468 278 252
3 261 139 279 409 158 288 33 36 421 422 424 309 181 55 317 455 199 458 460 333 206 79 209 225 101 111 251 255

17 23 27 14 12 31 37 6 25 11 29 40 19 16 13 33 26 21 30 9 8 22 32 28 15 5 4 2 36 39 20 38 3 35 7 
