1000 40
804 581 167 712 41 428 590 238 528 817 496 181 373 469 857 122 702 575
705 644 246 152 958
770 3 5 136 142 25 283 542 421 936 682 46 431 48 178 56 59 575 72 971 77 461 463 848 84 988 100 747 366 886 763 508
640 928 610 739 132 67 359 296 589 464 560 917 216 763 860 61
434 74 851
513 386 641 5 517 519 902 775 901 918 538 284 541 419 806 39 44 428 819 691 949 440 571 580 69 331 204 470 606 991 611 744 240 755 884 759 254
655 532 533 534 23 663 409 542 677 941 686 318 576 969 725 985 474 859 614 749 752 502 890 634 251 126
640 260 263 775 394 526 272 663 793 921 928 163 675 677 39 680 298 824 187 65 324 325 969 207 975 593 595 347 610 995 996 229 502 376 379 766
5 284 292 44 47 690 820 185 76 208 466 723 470 605 737 358 625 370 881 756
385 899 133 529 22 792 39 172 685 942 444 572 209 211 597 599 87 608 867 99 105 878 752 756 245 759 504 249
896 1 640 899 7 8 650 780 16 791 295 423 435 955 578 195 66 839 462 463 594 856 860 994 101 485 489 876 510
896 648 397 399 533 24 286 547 423 686 560 944 948 185 958 192 709 582 968 73 714 716 337 850 82 863 224 353 610 479 609 741 360 620 757 638
960 68
578 678 234 172 176 884 598 470
737 515 132 740 262 520 490 497 692 120 988 221 894
610 573 229 971 77 845 912 176 536 538 61 702 607
907 270 639 533 23 670 549 551 559 824 441 319 963 579 326 839 203 460 846 220 225 485 869 357 749 881 756 375 377 510 383
259 281 421 550 551 46 943 690 310 56 696 59 457 592 593 850 595 985 732 96 482 615 625 886 894
419 900 516 522 301 238 210 917 246 760 377 349 63
801 891 868 551 46 80 506 979 63 533 443 595 569 186 475 541 638 255
640 769 58 997 774 365 760 401 757 662 408 698 251 797 286
224 352 421 617 362 747 428 265 943 945 690 596 661 278 698 220 477 543
769 776 137 652 153 798 673 802 422 172 428 692 183 312 313 836 82 468 986 611 108 114 756
387 771 394 785 534 669 421 808 168 814 48 304 688 306 49 184 697 185 583 840 969 974 978 84 469 212 618 366 879 498 632
932 615 424 999 301 110 848 113 466 275 376 249 219
129 520 780 525 398 527 401 280 926 162 39 808 693 311 825 319 591 81 213 727 88 352 481 355 739 122 999 232 106 378 635
512 513 280 929 298 943 314 571 963 837 588 977 728 609 994 228 101 365 247 251
224 386 67 155 620 398 114 115 180 722 439 443
896 514 898 775 648 136 650 521 146 277 534 790 149 282 924 284 36 424 426 44 177 690 435 184 57 442 590 591 849 209 597 993 482 356 615 361 617 875 373 251
248 628 694 56 953 186 156 863
777 403 404 666 794 539 669 288 289 679 936 937 426 810 938 64 451 326 71 841 585 970 83 854 985 857 863 608 993 995 355 744 364 242 115 116 883 374 759 509
897 264 654 402 659 915 281 545 678 812 813 177 571 444 195 843 461 464 986 732 612 358 630
864 726
436 725 806
906 460 687 81 147
225 882 618
770 643 520 522 145 414 288 32 289 43 812 815 303 433 177 564 59 828 578 70 333 78 338 85 602 219 736 480 226 99 625 252 634 247 888 762 508
768 260 133 519 138 907 396 398 658 537 30 548 804 306 702 447 68 718 343 858 488 492 367 241 114 249 378 508 382
0 518 903 140 909 15 145 790 282 540 160 298 816 820 437 184 953 185 315 452 198 584 842 85 95 610 994 358 491 623 884 631
768 388 5 9 405 919 794 33 804 422 552 170 429 430 431 435 948 578 67 842 204 608 98 999 372

29 31 37 8 12 6 17 3 26 39 38 24 10 32 23 11 7 40 20 27 15 22 1 9 19 18 16 21 4 25 28 30 35 2 5 14 33 34 36 13 
