250 40
2 5 136 143 145 146 147 22 24 154 159 40 50 179 180 66 69 71 74 202 75 209 210 212 214 87 217 91 220 92 225 107 108 109 249
229 199 201 169 203 204 13 206 176 81 83 120 121 156 221 222 63
132 136 13 14 15 147 25 156 159 32 161 35 43 179 53 183 184 185 63 70 81 211 212 88 89 216 91 220 96 99 230 112 242 247
34 100 167 105 144 182 121 27
1 5 139 141 154 156 29 160 33 173 51 53 60 190 201 202 206 82 84 212 214 215 222 223 98 229 104 235 113 118 246 126
66 231 158 130
97 197 167 8 10 171 14 240 30 63
129 1 3 130 6 8 145 20 149 152 155 32 33 170 172 46 53 182 181 184 59 65 194 195 196 202 79 209 210 212 87 92 106 239 114 245 248 125
130 11 12 13 14 24 152 154 27 28 29 30 31 159 160 37 165 166 40 181 56 58 64 66 70 201 204 205 217 94 95 97 104 105 108 237 111 112 241
192 161 2 195 71 8 9 104 75 140 77 141 47 211 245 152 185 190
89 162 66 68 199 219 207 208 50 179 148 181 82 217 59 190
128 194 5 105 46 51 115 121 219
64 34 226 68 122 172 209 213 214 215 25 154 57 223
128 65 227 135 137 108 205 115 180 147 118 24 89 91 126
134 7 8 137 13 14 19 155 28 34 168 46 176 50 183 58 61 190 80 81 211 83 85 225 230 114 245 248 125
139 140 11 15 17 19 20 25 30 37 171 49 178 62 69 80 209 87 230 111 115 245 119
224 97 34 99 129 5 38 104 73 141 176 177 178 211 22 222
5 9 17 18 19 150 162 41 169 179 180 181 187 69 72 73 75 203 209 87 216 221 98 103 234 110 239 113 117 245 122
0 4 136 140 14 149 150 25 31 177 178 184 57 207 208 213 86 214 90 91 93 221 224 105 246 248 249 127
74 145 113 19 243 222
0 12 14 18 19 22 25 154 27 165 47 53 55 56 73 202 75 77 208 84 90 95 102 232 107 112 241 244 125
38 166 43 143 208 81 178 84 56 185 90 59 24
5 134 9 137 140 12 142 14 147 19 32 33 167 170 45 177 179 60 189 201 204 206 211 86 88 217 219 97 100 241 116 117 120
1 132 138 11 13 16 17 153 156 157 170 51 55 183 57 190 194 198 201 75 79 213 86 218 223 101 230 103 233 236 238 243 116 247 126
2 130 7 8 139 17 19 149 155 156 159 32 160 34 35 168 170 43 46 176 180 54 56 58 194 199 73 212 218 219 93 99 102 235 248 121 125 127
193 195 74 11 108 109 78 204 247 62
129 130 140 141 16 22 28 159 33 35 38 168 46 51 182 61 196 70 201 77 205 88 216 96 98 230 102 232 233 103 238 111 240 113 114 116 246
128 129 134 8 136 137 12 145 22 152 155 33 162 42 43 172 175 50 178 55 185 190 66 196 201 211 89 93 223 226 227 103 104 105 240 112 117 126 127
131 132 24 26 34 38 170 171 43 46 52 53 54 56 185 188 61 60 65 70 72 201 206 214 89 220 106 235 238 113 115 249 126
128 1 2 102 198 170 171 44 46 144 18 147 51 22 183 220
2 101 38 199 169 76 108 140 47 188 126
131 23 152 156 30 31 160 161 166 170 44 172 175 49 189 191 71 206 82 211 219 220 100 242 245 123 125 126
0 12 145 20 157 159 33 45 50 179 180 60 66 70 74 79 82 221 96 229 232 233 108 237 242 244 245 246 124 127
2 7 13 16 18 19 24 27 36 171 185 190 63 209 84 91 220 93 95 225 228 229 105 236 109 237
9 137 11 140 14 143 17 28 158 30 32 36 38 169 45 49 179 56 57 61 63 192 194 197 201 78 85 90 95 225 226 228 110 117 119
1 131 132 135 12 13 17 147 149 42 44 178 59 64 66 196 204 205 206 209 84 232 234 106 241 118 123 124 127
134 12 141 147 150 27 156 159 32 31 168 171 45 57 60 189 71 72 79 86 218 228 106 235 237 248 122
3 4 7 137 138 143 17 147 150 154 162 168 169 43 172 176 48 50 51 185 67 68 69 199 200 77 79 209 87 92 221 102 233 239 111 118 121
132 10 140 144 21 26 162 176 177 180 182 57 193 198 72 200 202 83 90 218 219 223 225 101 103 105 233 242 119 123 124 127
231 167 103 49 157 93
28 25 9 39 18 24 29 35 8 5 3 21 32 38 1 23 19 16 36 11 31 40 
