500 40
144 112 376 218 156
258 427 12 113 339 373 406
131 139 140 146 402 27 155 415 42 305 441 322 70 327 462 335 212 85 473 219 225 368 120
385 137 401 278 22 156 30 160 164 43 51 182 310 188 447 320 192 64 67 68 452 323 468 348 350 358 231 241 115 243 255
290 35 233 265 138 76 144 18 211 249 159
389 9 141 143 279 282 410 418 290 173 46 178 309 439 185 443 450 451 453 327 455 73 206 462 221 349 227 488 233 235 363 496 368 372 251
259 8 13 270 272 18 275 148 420 38 174 443 62 448 462 95 491 492 247
131 264 8 16 275 408 280 155 411 417 161 426 427 172 47 449 74 343 473 219 350 481 101 358
153 262 71 232 9 202 72 301 398 381 82 51 57 29
419 68 133 101 394 42 367 240 434 51 29
345
384 131 4 133 389 264 137 266 268 269 14 398 152 410 30 433 435 62 64 448 65 67 326 76 334 465 466 215 352 355 359 104 112 497 114 244 246 120 126 127
387 291 229 39 136 396 90
354 3 228 197 71 392 139 397 400 177 409 123 319
164 204 247
386 259 391 407 153 417 294 43 433 308 309 444 320 194 87 219 477 357 232 237 250
162 418 229 261 102 122 329 265 361 139 169 233 300 309 248 441 250 221
388 398 281 154 28 288 35 440 313 445 73 76 467 84 472 217 353 101 489 368
387 5 268 140 147 23 24 285 293 41 43 433 439 196 69 68 328 201 334 82 371 124
384 408 281 26 25 409 415 163 35 296 41 438 446 328 331 204 332 206 79 465 339 213 87 216 89 88 343 97 226 488 490 108 364 114 248 381 383
2 135 393 141 272 18 149 277 22 413 29 288 162 299 303 304 50 308 437 436 439 316 447 69 70 329 74 460 207 339 472 480 231 233 490 111 370 499 248 123
96 161 385 164 102 201 370 84 469 470 280 283 319
258 264 9 400 151 33 166 40 433 435 180 60 318 67 74 334 208 85 221 233 235 108 109 239 367 247 121 124 253
260 133 262 8 392 142 143 400 286 32 298 42 50 308 316 63 321 197 328 456 459 85 469 93 223 486 103 110 496 498 372 373 123 380 255
265 395 141 144 275 23 408 152 279 290 40 43 432 178 437 191 197 326 328 460 204 78 86 87 474 91 220 349 351 97 235 244
193
32 128 130 354 228 64 486 138 432 49 243 219 95
481 452 423 392 265 106 142 496 114 278 285 477
2 259 3 258 264 398 23 280 287 418 292 293 295 45 431 304 47 312 447 324 457 330 215 351 225 359 363 107 493 495 112 498 372 373 378 123 381 254
2 263 140 12 143 150 164 303 176 179 321 325 328 74 76 83 469 345 351 489 245 121 126
33 292 326 218 298 367 244 23 58 445 31
258 259 8 399 144 275 150 22 152 25 410 416 32 47 438 440 316 194 68 327 210 340 213 345 90 359 105 365 493 370 248 126
386 10 269 398 151 25 153 33 162 417 166 296 429 431 178 182 55 183 185 320 449 68 456 201 333 78 463 465 469 120 359 235 372 245 248 126 127
38 262 73 409 430 373 277 440 57
4 134 263 264 392 13 153 30 31 32 417 420 171 53 440 184 442 192 327 73 330 205 463 464 335 83 469 89 345 353 98 228 484 229 357 105 108 497 372 373
67 58 421 99 458 110 174 50 51 85 90
3 262 7 10 396 143 144 17 275 405 150 289 423 42 428 302 312 185 443 190 197 202 207 208 464 79 468 96 355 104 366 368 372 121 123 255
289 258 481 450 389 455 297 438 439 24 287
457 470 54 238
390 263 392 6 394 267 17 150 22 282 286 289 419 171 301 178 53 182 311 313 193 453 71 460 339 220 349 350 480 97 237 113 254

35 21 12 37 20 29 4 6 24 40 23 8 19 17 16 18 25 7 32 3 33 27 30 36 22 5 13 9 14 10 1 39 28 38 34 2 
