250 40
9 23 153 157 47 63 65 70 199 73 213 89 90 223 225 99 106 235 107 248
164 132 198 7 236 173 78 207 112 77 19 179 89 90
3 5 167 171 179 185 60 193 202 78 81 210 87 222 98 232 242 116 249 127
224 192 100 175 93 31
0 131 3 5 136 137 12 15 19 148 23 155 156 29 160 161 167 42 44 173 45 172 186 200 75 77 79 215 88 90 94 227 228 232 107 240 242 120 127
0 1 131 137 11 140 13 147 20 25 156 29 158 35 164 36 166 168 45 55 189 67 70 198 72 74 81 209 82 92 103 104 239 246 122 124
128 2 3 7 8 9 13 19 148 152 34 38 168 52 184 192 70 200 73 79 208 211 215 216 226 228 106 240 115 126
129 2 34 196 72 105 136 79 207 243 84 246 55 219 220 190
8 138 10 13 146 22 151 163 167 44 58 189 62 191 66 202 76 87 94 97 229 230 108 237 240 113 117 246 122 124
4 19 20 149 148 25 26 162 34 171 45 174 177 189 61 200 201 77 78 79 207 85 88 91 223 224 95 229 104 235 237 241 244
98 163 4 137 201 171 13 143 48 146 150 185 26 61
134 13 15 145 18 148 164 49 63 205 86 219 91 95 96 247 120 121 127
96 131 4 8 105 81 242 115 180 117 245 30 127
132 6 139 15 17 150 29 30 161 37 41 173 46 180 53 52 59 187 188 70 203 78 79 214 217 90 95 96 98 102 237 116 245 118 248 249 125 127
128 6 147 148 23 26 163 165 168 48 179 188 189 190 65 68 70 82 221 99 112 117 246 248 123
164 200 43 141 142 207 143 241 83 244 20 86 25 184 217 220 126
192 35 101 134 231 59 140 174 144 145 208 53 247 121 27
4 6 10 11 150 151 26 29 157 31 38 39 170 177 180 55 59 198 71 72 73 208 81 85 89 91 94 225 230 103 240 245
229 165 166 73 169 77 173 206 78 157 188 61
133 137 15 144 16 19 32 36 37 39 172 174 176 50 178 183 58 62 64 68 197 198 199 203 205 207 84 92 220 224 229 230 113 122 127
129 135 136 13 156 29 160 173 48 61 196 71 205 77 216 98 228 230 108 240 244
129 10 14 19 149 158 41 171 43 174 56 58 186 60 62 63 65 68 70 71 205 80 210 222 224 102 105 111 115 244 243 121 124
0 121 98 226 135 200 76 175 50 84 149 22 249 127
5 138 142 14 146 18 20 35 45 46 174 48 182 183 56 195 70 202 203 77 87 216 223 115 123
128 97 129 229 102 103 6 141 28 142 18 179 212 245 87 120 24 124
115
66 163 228 35 70 73 46 241 242 211 84 119 22 87 216 115 180
184 66 127
72 162 123 130
3 133 7 135 13 145 19 20 149 21 23 24 155 163 173 178 180 53 63 192 200 203 78 206 81 210 85 216 102 113 116 246 121
32 242 132 191
3 135 35 37 167 179 186 188 63 66 71 72 73 208 85 86 97 103 235 118 119
134 8 10 152 30 31 163 36 165 35 164 168 41 170 43 45 173 179 183 56 58 193 197 70 202 83 90 91 221 230 105 234 240 115 245 119 126
36 5 133 38 43 173 207 209 146 145 154 27 191
16 140 141 133
132 7 9 143 17 19 24 152 28 33 164 39 175 195 68 196 70 72 74 206 209 96 230 232 241 114 245 247
130 142 143 16 151 164 37 44 175 179 182 183 188 61 66 199 202 77 210 216 224 234 107 243 115 117
3 133 136 141 142 148 20 150 154 26 29 31 37 166 172 178 55 62 192 204 81 82 215 88 90 94 95 230 104 233 117 118
130 4 138 142 148 151 28 29 157 158 164 55 195 68 207 81 87 220 221 102 231 232 113 247
128 132 5 6 137 9 11 12 156 30 34 164 167 47 49 184 58 195 201 203 76 207 209 212 87 88 216 221 95 223 121 104 236 112 113 249
5 33 14 6 20 40 22 18 36 9 38 1 24 17 7 10 30 12 4 37 15 3 19 
