250 40
1 2 132 13 143 19 20 149 148 29 158 168 169 42 172 45 48 49 57 58 60 66 67 74 202 77 208 88 91 92 221 222 229 113 246 247 123
128 162 133 69 40 202 236 18 115 84 147 83 24 89 61
34 233 83 55 56
0 14 29 36 165 42 175 178 181 182 53 57 64 68 75 209 82 217 219 103 235 242 127
192 131 71 202 19 147 95
1 130 5 6 8 141 15 146 18 22 153 26 154 31 32 164 39 171 43 183 56 58 60 61 67 200 74 204 79 211 221 101 104 237 110 116
76 109 13 111 211 84 21 147 249 58 190
68 196 201 203 140 110 207 48 49 242 218 30
162 249 166 199 38 168 106 219 208 146 181 118 121 122 187 127
4 229 230 103 40 74 170 13 211 20 119 150 189 56 182 148 29 191
147 21 150 30 31 33 167 54 58 187 197 79 212 218 220 98 103 238 242
0 1 135 8 137 11 17 150 27 33 40 42 44 173 51 61 62 63 64 190 75 77 208 211 89 217 221 228 234 114 116 247 249 126
233 170 171 236 176 18 215 184
71
9 12 16 20 22 35 36 168 51 52 181 198 72 77 211 216 93 101 103 233 243 244 118 121
1 8 13 21 32 40 41 49 50 179 178 192 197 203 214 86 216 96 226 105 112 119
66 182
174
0 3 12 26 160 163 164 37 39 168 169 175 176 50 180 56 191 194 208 87 91 94 224 225 228 232 233 104 235 110 112 241 114 244 246 247 249
1 98 75 76 108 178 179 51 214 186 190
133 135 8 137 14 143 18 146 21 152 24 161 36 174 48 49 51 180 179 187 191 193 67 195 205 79 82 86 215 218 93 95 235 112 241 245 246
2 7 9 11 144 17 150 155 156 161 46 62 68 72 204 205 229 105 242 116
141 49 243 244 25
0 128 3 8 9 138 13 142 145 154 161 36 37 166 41 43 172 173 46 194 195 82 211 212 90 91 225 232 108 112 113 242 118 121 127
130 137 139 12 142 20 21 169 42 176 181 186 61 63 67 196 198 200 75 76 204 83 212 91 94 100 229 241 244 247
136 138 152 160 33 168 42 173 176 182 187 198 72 213 86 88 221 223 230 249 125
1 129 133 10 139 11 147 150 28 156 167 41 170 42 175 49 178 59 195 200 73 202 76 206 207 82 219 92 224 100 114 115 118 121
130 5 135 143 15 148 20 159 31 34 40 41 44 177 53 187 60 61 195 201 206 220 221 224 226 99 101 103 231 107 238 112 243 116 122 123
2 135 8 10 140 15 19 148 149 150 33 38 167 179 58 187 61 191 66 198 199 75 205 82 219 223 237 238 109 116 124
132 134 137 139 147 21 23 166 41 43 172 182 55 196 197 69 73 213 214 87 220 105 236 110 246 127
235 140 77 46 111 145 18 84 21 121 60
5 136 14 150 27 29 31 162 166 43 46 185 57 63 192 194 70 200 73 74 72 77 79 210 213 218 222 98 228 231 105 112 246 247
164 133 39 104 143 240 51 52 87 186 61
3 145 148 154 35 163 37 177 181 184 191 193 66 70 71 73 210 84 91 222 98 230 102 236 111 122 123 126 127
131 6 137 10 139 140 147 155 41 42 59 62 68 70 199 80 81 219 93 97 108 237 111 113 246 248 124
2 4 133 14 147 153 25 29 30 161 36 177 51 181 184 186 63 191 69 75 227 106 107 248
224 2 39 141 182 153 157
224 138 59 109
129 5 10 158 159 163 39 43 172 176 48 59 190 204 90 92 93 225 230 108 115 126
192 209 115 127
1 21 19 28 27 24 35 36 32 12 30 6 34 29 16 15 4 22 25 26 11 10 33 37 
