250 40
133 136 140 15 16 145 149 160 33 166 167 44 174 177 188 200 203 205 82 214 217 90 91 101 230 102 235 108 110 113 244 247 124 126
225
121 10 219
2 131 133 138 14 156 29 158 159 36 38 178 182 63 64 67 196 68 70 73 201 203 88 90 101 104 235 239 113 114 248 126
130 135 13 14 16 146 22 160 162 163 36 165 38 169 42 45 178 179 54 55 189 62 63 64 197 198 72 203 78 86 216 224 101 230 232 233 239 115 120 125
134 10 14 150 27 32 35 164 47 49 184 60 194 70 199 74 79 89 94 230 110 113 115 246 126
131 12 16 17 18 154 164 37 165 40 43 171 174 47 184 185 186 189 63 207 209 214 87 91 92 221 222 103 106 235 111 113 115 117 127
0 130 6 7 139 142 25 27 29 167 180 181 52 60 74 77 78 212 214 232 107 108 127
129 2 133 7 137 11 33 173 53 183 60 69 207 221 96 99 102 236 108 114 122
160 194 130 164 231 171 77 14 79 109 50 87 151 248
98 227 196 37 38 226 45 81 49 50 243 177 86 23 88 212 215 22
3 13 22 23 34 41 174 175 48 180 187 64 71 80 209 212 216 91 224 98 100 101 108 113 118
14 16 17 151 25 155 161 34 162 168 42 173 46 51 56 73 76 77 216 220 224 237 111 113 116 120
10 140 23 169 175 178 53 55 186 64 66 70 81 86 105 234 240 123 126
224 10
161 67 135 231 44 142 143 113 82 179 21 30 89 59 127 222 62 57
130 131 8 17 20 152 30 158 32 39 44 173 46 184 191 64 197 72 203 77 209 214 220 223 96 230 232 105 234 233 235 239 114 244
129 132 8 9 140 144 145 29 160 33 38 39 168 40 171 174 180 67 71 72 76 209 214 87 220 227 100 105 107 113 117 123
4 132 143 146 150 24 26 156 35 168 46 53 182 183 69 204 78 81 87 215 88 93 229 232 233 104 107 244 117
98 201 237 116 246 121 190
132 6 141 143 148 149 157 159 34 36 165 166 38 168 43 44 51 181 185 67 68 200 73 201 203 76 81 84 89 100 102 230 109 240 118 120
102 135 167 204 237 144 213 127
25
132 136 141 13 15 144 150 151 153 156 32 166 172 173 177 55 56 58 187 193 73 202 74 85 86 87 90 218 93 235 110 117 249 126
162 164 6 41 202 235 45 111 207 51 149 214 24 185 218 155 159
128 134 10 14 24 29 32 33 43 51 187 59 60 67 198 207 212 94 223 101 108 110 239 242 122
152 25 140 182
128 131 3 9 11 139 15 17 146 21 33 35 38 40 43 172 52 54 184 186 190 63 68 199 200 201 74 76 205 206 207 81 220 223 96 113 243 244 249
4 135 11 14 142 17 21 34 35 166 39 42 174 47 177 49 181 54 57 58 69 199 206 81 87 219 100 229 106 109 110 118 121
128 34 230 71 170 236 239 47 151 56 217
177 206 57
134 12 29 31 40 176 49 186 63 68 200 210 211 212 218 228 100 230 239
139 15 146 148 149 151 163 35 165 37 169 47 186 189 65 193 195 67 202 92 102 103 105 106 241 247 124 125 126 127
107
2 7 154 32 169 172 46 174 53 58 59 187 66 74 213 215 242 116 122
0 1 136 11 25 33 46 48 50 202 205 207 81 88 216 219 91 222 225 229 106 236 237 238 111 113 249
100
4 142 15 150 162 37 168 170 173 54 190 202 77 84 217 222 226 231 113 244 124 125
0 3 133 19 148 22 155 160 35 37 167 169 180 203 76 81 212 220 228 103 108
34 162 76 46 48 86 29
5 28 24 21 7 19 8 17 1 36 6 35 12 32 4 18 33 38 29 13 9 39 
