500 40
14 272 273 402 24 152 288 162 292 41 428 178 181 318 66 323 336 81 212 343 88 358 359 232 238 245 247 121 123 383
349
482 37 326 360 232 426 106 300 205 112 401 241 341 373 56 189
256 353 129 485 326 360 45 368 49 496 80 220 178 402 56 156
262 269 270 399 275 148 152 35 36 303 175 308 436 193 332 221 104 362 365 241 498 114 253 382
14 144 150 23 280 408 26 162 292 165 41 173 46 175 50 308 442 187 194 206 78 337 469 214 88 348 349 351 352 228 102 487 358 492 241 370 122 251 382 383
1 389 391 137 13 272 21 405 277 25 413 162 419 37 294 44 449 334 80 81 468 472 347 225 355 236 241 126
128 134 390 264 136 271 272 154 156 30 44 431 305 306 55 314 61 320 329 330 343 224 484 492 108 238 119 377
486 231 394 147 345 444 31
5 389 262 265 138 139 141 142 399 144 147 149 155 36 422 428 308 181 310 309 60 66 337 472 473 486 490 239 112 369 372 378
432
387 133 389 8 14 405 151 28 156 291 426 298 64 70 455 328 329 463 208 80 83 340 214 92 221 230 233 362 114
128 129 262 7 269 18 402 276 279 25 283 413 158 160 293 295 428 433 178 312 443 191 64 70 456 202 79 83 342 215 474 353 366 115 249
9 398 145 277 151 408 24 154 29 30 34 420 37 421 427 178 439 459 461 463 85 218 478 359 493 240 368 248
386 262 390 392 142 270 17 407 152 29 289 290 292 299 44 46 180 441 185 443 327 456 77 462 78 461 81 90 247 226 227 99 362 110 375 376 123
324 484 287 392 42 302 303 48 213 309 469 473 379 62 383
483 6 10 395 173 208 497 434 183 316 318
5 6 8 397 19 404 147 286 38 423 426 428 301 430 432 50 51 185 186 60 317 64 325 460 79 208 212 89 218 479 357 363 111 243 373 377 250 251 383
353 389 231 346 142 47 433 24 285 27 317 445
352 226 484 421 391 75 14 244 277 150 311 248 285 444 413 254 95
160 289 260 132 324 167 103 457 431 111 50 212 214 215 314 475 252
161 261 133 104 236 429 14 272 308 341 439 313 318 159
2 263 264 393 266 139 142 22 283 36 425 298 427 42 46 432 307 437 182 440 441 59 315 316 66 329 331 77 81 338 339 212 82 215 471 220 355 234 107 124
67 8 296 106 203 268 155 174 463 400 173 169 374 283 414
161 225 326 70 267 14 146 342 377 250 351
201 82 492 132
161 337 18 157 350 445
386 141 14 15 400 404 276 149 152 153 411 159 32 420 165 39 303 48 313 62 447 452 72 332 207 209 466 92 350 101 102 249 357 110 367 112 115 245 248 377
2 389 136 10 142 272 403 158 38 298 170 45 312 320 453 219 97 99 483 103
355 262 198 103 44 300 369 50 152 90
257 129 132 144 145 273 275 274 23 408 31 296 312 326 459 342 86 470 92 223 231 487 379
8 365 269 92 209 146 246 151 252
385 257 9 11 140 274 405 149 23 282 36 38 423 426 433 306 435 55 314 442 191 447 452 214 88 344 216 219 476 226 490 367 498 250 252 127
421
257 146 18 280 300 173 309 311 183 316 70 75 336 466 471 93 109 497 249 378 251 253
97 2 39 394 204 365 397 496 18 83 181 215 185 284 350
384 131 267 401 274 146 24 409 411 159 288 163 425 304 56 58 314 69 198 80 475 350 237 110 239 240
262 7 394 399 402 284 418 40 44 46 49 438 70 74 460 206 339 88 474 475 97 226 487 107 109 498 247 383
260 262 399 18 149 406 156 415 160 289 159 429 182 63 319 194 325 71 460 332 335 468 214 87 472 471 217 475 92 351 361 363 494 242 371
264 268 14 160 288 164 425 299 174 182 58 447 206 80 83 89 91 475 479 112 372 379

23 28 6 18 13 15 8 7 37 33 39 12 31 10 14 38 35 24 29 5 3 20 16 19 1 4 40 21 22 17 36 32 9 27 26 
