1000 40
365
128 897 2 772 644 648 522 913 529 531 151 159 421 39 943 313 956 189 66 322 464 86 479 609 739 104 232 894
0 387 262 528 916 164 938 53 696 58 827 60 61 963 70 72 329 713 716 992 631 372 119 888
928 740 968 522 811 428 190 494 943 689 537 860 734
517 782 663 795 284 33 674 547 683 698 699 829 707 452 838 455 842 330 845 974 78 723 728 344 472 89 615 487 874 237 110 756 373 759 252 637
194 675 230 391 487 72 906 747 624 244 85 470 727 191
264 650 10 524 527 401 929 418 548 172 816 311 184 956 447 322 859 867 99 101 106 242 631 894
260 14 911 660 148 278 920 540 545 293 423 569 189 318 966 983 471 101 231 363 364 369 248
769 259 771 389 262 266 397 145 529 924 157 412 927 679 553 173 305 51 569 57 443 957 322 579 840 844 718 463 611 489 250 625 633 634 253
907 13 145 17 786 785 793 800 556 815 688 58 315 448 833 706 69 77 82 853 92 348 989 96 249 617 752 114 248 633
512 787 149 415 544 417 288 163 548 676 295 425 299 305 440 185 827 572 833 70 202 468 86 856 350 991 478 98 997 230 622 367 624 368 887 894
647 399 23 281 923 925 413 674 676 57 313 197 713 212 853 222 353 994 875 619 638 895
129 258 771 646 776 523 912 277 22 26 924 541 938 559 691 692 65 714 975 853 981 343 475 348 480 353 226 744 617 373
672 385 321 869 773 360 648 74 11 299 172 170 434 821 631 186 699 348
898 262 395 11 526 17 919 922 672 807 39 170 948 56 188 452 581 200 586 210 339 852 726 91 861 365 367 112 497 371 757
129 771 775 521 12 271 399 800 544 674 547 820 440 972 590 206 605 861 483 744 490 491 748 883 756 506 893 638
0 11 525 16 657 784 281 156 31 929 674 424 301 947 184 192 713 721 339 350 606 97 356 358 743 488 492 884
905 523 525 656 414 286 291 167 305 957 448 962 834 461 207 722 851 468 598 855 345 105 106 876 111 368 242 499 756
642 3 261 10 396 910 915 790 24 927 416 173 181 310 827 338 724 744 624 884 766
288 644 186 10 267 940 333 334 206 976 282 491 757 726 599 665 602 606
257 6 9 11 535 162 811 429 821 440 696 953 961 843 338 595 856 857 743 755
838 263 880 659 248 538
128 268 398 278 25 670 34 36 805 680 40 810 937 812 49 54 965 841 845 206 209 86 864 492 757 509
161 755 781
776 9 139 400 793 795 413 161 807 46 967 598 87 729 857 475 610 882 249
394 939 594 506 667
320 352 322 388 391 810 267 558 591 497 792 318
960 160 897 6 875 621 244 825 380 89 412
33 56 356 900 550 325 805 923 810 168 396 782 239 243 856 633 122 475
512 417 995 486 713 75 688 433 83 19 855 217 735
642 391 265 907 658 661 282 285 549 558 942 304 439 189 78 463 720 334 210 726 221 737 504 618 632 112 629 247 376 249
513 263 396 533 789 541 805 174 47 946 566 950 952 185 955 447 587 463 208 629 889 122 383
641 516 393 9 30 158 309 575 329 202 973 476 611 230 358 872 506 118 250 380 894
258 774 266 140 145 155 923 673 424 817 433 689 50 698 571 828 573 446 710 967 201 335 81 594 727 89 219 988 94 357 750 879 239 754 248 127
778 783 660 533 407 412 802 932 680 47 947 711 201 335 90 475 740 617 366 241
398 399 662 155 672 38 560 563 693 184 957 961 449 834 198 73 458 74 844 714 591 869 742 366 625 635 508 638
984 796 332
512 416 903 542 586 620 368 531 20 885 21 87 667 348 62 415
643 132 389 518 913 894 788 664 409 291 682 43 941 444 319 706 78 336 734 737 496 113 498 240 635 126
290 476 207

34 11 5 9 15 13 31 18 23 17 2 39 8 10 36 32 3 16 21 7 33 12 19 35 38 20 6 25 30 4 29 14 27 28 22 37 26 40 24 
