250 40
142 21 22 45 177 178 54 184 57 68 196 72 73 208 91 93 223 231 232 105 109 238 244 245 118 119
130 2 133 13 146 21 150 36 39 171 62 63 67 75 77 220 100 101 241 114 116 127
96 223 3 100 35 103 200 71 10 234 43 135 81 83 85 184 186 31
175
5 6 139 18 44 49 178 51 52 181 187 191 193 197 205 208 83 89 225 98 226 100 105 108 119 125
131 132 4 9 20 149 155 31 34 167 177 180 54 184 188 190 65 206 83 85 227 230 106 113 116
96 217 200 203 14 240 51 56 89 187 221 158
0 224 128 131 132 169 141 19 116 26 189 62
37 107 14 119 57
131 3 28 35 163 44 173 50 180 60 68 78 83 211 85 215 220 230 105 236 114 124
0 66 163 41 105 11 173 109 15 83 121 223
11 150 24 25 26 159 33 34 164 36 39 41 43 47 175 52 188 189 194 66 198 209 97 226 239 242 248 122 123 125
107 172
2 133 13 152 165 169 172 180 56 185 70 203 205 95 98 108 240 122 123 124
128 8 20 150 153 37 38 42 44 177 178 181 186 60 193 199 71 204 209 81 211 88 89 219 220 222 96 98 231 103 239 113 246 119 124
0 1 130 3 129 128 7 8 143 153 155 160 32 34 164 39 167 169 45 47 48 56 185 187 70 73 202 205 79 208 213 88 225 106
133 137 12 21 23 157 162 164 46 50 53 181 190 201 212 213 220 93 223 227 231 105 234 237 241 243 119
4 142 16 22 27 33 164 39 174 181 65 195 68 197 79 209 218 96 228 232 105 108 117 246 247
97 67 197 134 39 170 202 237 47 48 113 18 51 116 19 54 182
225 90 48 243 122 191
128 2 230 166 233 106 172 205 240 177 146 80 116 54 23
73 131 79
137 10 139 140 142 16 17 147 19 151 162 186 61 192 68 75 208 94 224 96 99 113 122 125
8 18 19 28 160 162 38 46 47 174 51 52 180 193 196 202 80 215 97 105 110 246 123
128 129 135 16 24 29 32 39 45 180 189 192 69 197 71 72 74 76 209 87 92 223 225 97 98 228 233 241 242 244
133 134 149 27 30 159 32 164 173 175 50 183 57 191 64 67 198 200 202 204 88 218 92 224 233 248 122 125
224 145 210 115 148 83 153 219 28 126 159
162 227 131 138 175 180 150 159
0 133 6 8 12 21 23 24 27 28 33 34 35 164 38 41 175 177 184 56 57 191 195 67 77 78 81 85 213 216 232 240 124
0 128 130 7 21 151 152 153 155 35 38 166 172 44 175 49 179 51 55 56 59 62 192 65 67 68 75 204 207 208 80 87 98 229 104 234 107 111 115 248
0 2 7 137 142 19 148 22 154 27 157 171 179 183 71 73 74 207 84 87 218 225 230 106 110 242 117 119 249 122 125
128 98 165 105 74 171 205 14 209 115 148 149 83 87 54 185 94
34 134 102 8 46 176 208 178
131 5 142 145 19 157 159 31 160 164 40 42 53 182 54 190 191 66 197 201 75 203 78 82 219 101 108 117 119 120 249 126 127
129 1 10 18 155 158 33 34 163 173 184 185 190 192 193 198 199 73 74 76 79 84 90 219 220 222 97 226 99 232 108 241 242
134 137 138 15 20 151 154 155 27 33 164 167 176 50 179 60 69 75 76 211 212 214 92 221 220 234 114 116 120 127
132 10 14 148 152 28 162 35 166 167 170 181 184 186 64 65 196 69 204 77 207 209 210 211 87 89 220 93 225 107 109 111 240 115 244
4 133 5 7 12 13 14 149 23 158 163 170 171 45 182 61 72 73 205 208 81 84 89 220 222 96 98 100 233 107 112 116 246 247 249 123
150 26 42 179 186 58 188 62 191 63 190 196 69 204 78 213 218 223 105 108
128 8 139 19 149 22 151 28 156 161 41 43 44 49 192 194 80 86 104 233 234 110 114 117 120 127
30 38 34 12 37 16 36 1 23 10 35 31 17 29 25 40 15 26 6 2 14 18 39 11 8 7 33 
