250 40
4 12 142 15 18 147 149 22 23 163 57 58 196 83 215 234 108 118 123
160 1 128 164 108 110 142 206 145 17 51 242 53 48 87 240 92 190
0 98 7 9 201 204 140 14 144 81 114 84 182 119 123 221
4 6 137 139 11 145 21 151 25 156 159 162 36 165 44 173 46 49 178 54 186 61 62 71 77 211 83 87 90 94 223 96 225 228 232 236 109 237 245 124
101 136 13 142 143 176 113 244 118 93
0 135 137 138 12 20 21 150 153 163 46 51 53 62 71 206 81 113 243
129 142 147 150 30 159 34 38 167 39 43 45 48 186 60 61 68 203 79 82 88 217 91 92 95 232 109 241 245 246 124
134 142 153 26 156 32 42 172 46 185 188 195 69 205 216 93 98 99 232 238 114 115
2 138 148 23 47 175 52 187 192 200 205 219 93 223 102 104 234 237 113 119
131 6 135 139 141 144 17 21 25 27 160 35 167 171 46 48 49 178 52 183 185 73 75 210 214 91 222 223 94 225 96 227 235 108 238 112 113 115 122
139 145 18 22 26 157 30 31 177 49 62 192 196 77 81 214 90 220 94 100 230 240 241 249
132 146 22 158 159 165 185 66 195 199 72 82 87 94 96 100 231 107 109 112 248
130 131 133 7 142 146 151 156 157 160 162 37 168 40 173 185 67 71 206 209 215 92 221 94 227 228 233 108 123
193 226 35 197 105 106 44 111 17 242 115 209 151 216 126
138 12 149 155 40 170 172 174 52 188 190 198 205 82 87 221 93 223 95 101 103 106 234 108 240 113
0 32 164 38 6 168 59 10 199 240 81 82 212 246 214 86 90 88
129 5 11 141 21 151 26 32 165 166 43 176 177 182 69 205 212 217 220 225 100 231 237 238 110 241 243 246 127
132 136 12 14 18 147 20 23 24 27 155 30 36 38 172 46 177 53 61 191 68 72 76 208 209 211 83 212 95 99 229 103 108 110 238 244 125
64 192 128 3 163 135 8 103 199 104 246 55 184 249 158 157 62
129 133 134 10 142 30 34 50 53 184 185 189 190 65 70 76 225 98 102 112 242 244 246 120
97 7 103 169 203 107 47 93 151 184 56 125 191
138 12 141 26 155 158 34 162 38 170 42 50 54 188 197 71 200 201 202 203 209 88 91 95 234 240 117 118 248
82
161 167 104 171 75 205 47 50 92 29 126
129 6 136 138 139 10 13 11 15 18 146 26 35 165 40 169 44 177 185 186 62 194 70 201 209 84 213 85 217 220 222 223 244 117 248 125 127
134 135 138 12 145 21 151 25 27 157 33 162 169 42 170 177 182 62 63 70 73 90 100 104 233 238 242 244 247
134 145 22 25 29 163 37 39 40 46 176 52 181 186 191 206 81 91 221 98 99 102 235 110 117 245 125
128 163 68 167 8 169 76 155 241 17 82 52 90 27 95
129 5 135 7 141 14 17 146 148 151 47 176 175 50 177 183 63 194 76 86 90 225 230 239 240 113 244 123
159 240 49 57 220 63
229 69 186 41 234 10 108 238 114 212 117 56 90 94 159
129 1 15 144 16 145 149 150 27 30 34 38 46 48 177 52 53 58 189 66 74 86 217 90 219 92 221 218 96 226 229 103 237 240 241 114 245 247 122 125
7 11 140 142 18 19 148 149 22 151 150 152 23 157 162 36 37 38 40 51 181 185 60 65 195 200 76 81 82 87 88 94 225 232 106 242 244 119 249
69 63
105 9 177 84 86
3 6 25 27 28 164 166 51 58 188 197 199 205 79 212 217 91 102 106 112 243 117
129 2 16 17 154 155 30 161 162 44 173 49 50 183 63 64 65 196 197 201 74 208 209 211 213 222 242 120
226 100 134 8 9 43 139 143 241 24 121 223
128 9 147 24 153 33 163 164 37 172 173 176 177 187 67 68 195 77 78 212 95 99 106 108 111 239 113 116 248 121 127
0 159 96 68 11 172 173 238 111 16 113 80 115 186 188 30 191
4 32 33 39 10 22 17 25 37 13 19 27 15 18 14 21 7 29 16 11 36 1 40 3 31 38 
