1000 40
130 643 13 910 655 676 296 428 305 702 193 321 324 712 970 77 214 345 608 737 866 998 874 746 632
2 644 519 263 137 266 662 157 286 545 940 175 307 947 454 839 456 715 334 335 78 208 850 87 729 610 354 505 238 112 243 121 891 894
128 514 903 908 397 654 401 785 410 288 420 676 678 554 819 947 570 316 828 448 324 81 82 850 87 986 612 872 105 114
768 148 281 154 27 699 316 571 838 455 840 968 714 587 980 598 992 737 866 995 352 873 120 127
896 648 9 650 138 787 672 34 39 40 299 940 428 303 688 178 826 322 714 718 719 208 721 976 463 220 741 875 881 756 254
256 643 389 134 909 657 666 411 284 415 673 292 807 937 42 682 428 45 813 432 817 821 826 60 828 958 581 837 329 334 974 466 988 223 741 233 362 112 754 373
736 121 223 739 577 804 970 843 460 942 111 48 241 473 91 60 382 511
545 486 633 501 857 187 957
0 2 131 399 272 663 279 157 926 32 37 424 425 170 684 45 559 435 692 833 66 196 463 594 469 854 93 734 480 870 495 112 625 893
129 897 261 7 400 670 542 799 803 163 553 810 428 200 331 204 846 591 80 211 855 602 476 100 749 758 503 502 249 123
896 258 900 781 143 785 402 924 670 161 299 173 823 318 590 206 209 337 218 354 484 238 244
259 388 903 776 7 524 400 917 277 535 409 799 804 425 687 817 307 570 698 186 958 196 70 840 969 459 588 331 463 211 990 223 608 606 356 104 748 374
384 513 385 643 776 16 657 274 147 277 25 670 676 936 42 556 304 309 54 696 64 705 198 967 333 212 607 362 107 879 625 499 244 119
34 866 66 645 231 648 201 748 749 751 592 530 626 791 824 858 251 319
10 397 785 147 404 661 152 539 414 159 947 956 704 961 451 580 992 234 619 368 626 762 508
643 387 262 652 532 536 409 803 424 552 298 555 565 951 61 67 581 968 591 82 339 850 736 482 100 743 104 233 250 105 243 375 890 123 124
35 3 283 753 338 147 820 821 117 187
18 533
640 259 772 141 786 403 791 161 803 675 44 942 175 944 174 821 312 313 825 828 702 452 83 599 479 95 355 229 231 364 879 248
416 256 195 388 835 456 651 811 459 846 815 496 305 920 600 217 731 252
0 390 911 23 793 283 926 930 551 172 44 827 573 713 845 476 865 739 743 745 362 235 620 365 238 241 115 118
35 67 774 72 234 331 632 335 816 210 564 895 983 760 859 62 543
258 259 395 780 783 43 557 303 818 435 441 956 573 575 194 580 196 585 716 333 464 86 215 859 995 871 748 620 114 378 379 252 765
522 266 279 923 163 46 944 693 956 444 320 832 589 335 465 214 474 859 744 233 240 496 249 764
773 777 784 662 25 922 430 48 692 572 577 708 839 458 588 339 862 352 103 623 242 247 764 894 767
450 294 870 745 875 331 208 785 277
260 772 904 140 925 685 567 187 200 73 459 972 208 81 211 354 227 356 103 126 127
546 931 586 458 877 14 815 17 823 986 317 573 574
522 14 785 145 532 154 155 412 538 798 682 555 684 429 940 49 185 828 192 322 580 455 457 79 979 981 217 348 860 737 100 230 503 761 765 383
384 9 399 534 406 281 29 927 681 177 830 704 204 973 589 337 852 341 860 615 488 751 121 635
776 393 909 15 659 22 662 921 154 539 30 289 806 679 49 178 952 315 703 969 841 460 91 478 607 226 869 229 232 240 500 629 630 248 254
133 621 208 529 625 627 660 212 921 570 444
643 965 487 168 679 74 328 543 399 306 370 852 22 87 127
641 802 259 324 613 555 346 378 461 496 272 432 216 921 410 765 223
991 372 578 383
143 784 793 410 156 168 428 942 305 692 694 441 322 73 201 715 80 721 979 987 860 98 483 231 619 750 502 377 890 637 766
768 1 3 902 646 659 918 158 928 929 166 552 943 689 50 692 439 189 833 836 709 199 585 204 335 853 729 858 219 349 485 620 752 628 118 246 379 508 254
133 135 392 652 909 533 412 417 676 677 934 554 177 566 567 183 956 456 330 973 334 590 974 593 209 338 340 856 220 734 227 612 231 241 628 757 890 253
355 680 365 816 432
134 267 395 272 913 21 285 799 34 675 168 684 433 821 55 318 63 320 580 455 77 853 88 857 600 91 220 733 222 224 742 110 243

6 37 12 38 29 31 2 13 19 23 16 40 36 9 5 21 25 1 30 3 10 15 4 22 24 11 27 20 28 14 34 33 7 32 8 17 35 26 39 18 
