1000 40
770 518 776 910 271 20 149 278 664 157 159 161 162 420 422 297 684 46 943 432 434 822 698 832 963 580 457 458 981 343 348 609 354 230 617 878 111 120 763 767
970 459 460 141 18 404 793 151 537
641 163 44 464 756 596 564 346 91 156 541 94 63
1 774 394 893 145 533 666 156 159 672 39 688 309 823 312 953 57 184 185 578 200 988 233 748 365 751 112 756 509 255
995 677 746 460 589 52
12 782 270 272 914 147 20 661 149 665 282 27 286 293 296 810 561 178 696 571 201 586 849 722 338 855 345 481 483 500 249
132 393 649 398 656 273 160 548 425 942 688 50 309 570 197 714 593 342 470 990 356 997 876 492
551 491 173 694 59
513 901 912 665 795 799 425 686 174 816 817 178 947 308 181 54 826 60 451 708 709 70 452 74 716 334 591 722 212 859 98 613 103 744 871 619 240 882
451 869 136 43 941 973 623 272 977 561 691 340 54 633 538 126 703
899 517 518 391 264 651 142 529 409 545 419 548 678 39 552 945 308 822 312 568 827 955 61 323 197 583 457 205 89 990 869 486 366 751 880 885 632 762
646 395 402 923 927 545 290 418 805 935 937 558 193 708 581 331 211 979 470 601 93 484 101 490 235 623 112 367 503 760 509 383
477 36 613 935 552 584 556 941 48 945 852 566 24 571 541 95
992 866 132 104 937 872 107 492 945 465 51 308 405 536 985 346 923
130 658 659 666 540 559 692 700 965 974 336 596 853 728 89 350 223 865 869 112 117 629 894
1 129 388 775 137 916 670 417 550 937 170 173 432 51 824 825 699 829 319 963 579 584 585 203 718 729 475 742 871 872 870 747 876 237 235 107 115 499 759 505
354 451 130 770 34 230 58 74 524 111 593 979 952 346 799
578 261 999 73 841 715 972 465 411 829
132 261 389 647 8 15 911 149 663 798 544 673 803 40 436 181 184 965 454 460 333 975 463 335 342 225 609 495 112
801 293 711 558 275 470 791 758 186
772 134 907 269 14 398 273 19 147 412 805 552 553 297 689 178 181 316 706 195 72 845 590 978 338 985 218 222 607 352 483 995 357 742 377 618 362 633 121
512 257 258 907 528 798 671 160 419 551 41 300 569 698 578 975 848 210 353 484 870 498 249
131 17 658 150 924 29 925 419 549 560 690 691 50 312 827 704 708 326 584 79 339 727 344 89 601 862 228 999 365 109 115 500 122
388 517 519 391 648 781 657 789 23 409 540 670 161 932 555 177 951 56 697 195 198 598 471 737 482 995 102 368 626 631
336 241 464 597 533 285
900 135 785 792 799 299 947 437 697 955 831 65 836 587 845 730 988 745 373
706 458 138 77 45 751 508 894
322 70 237 528 469 437 633
896 15 915 20 659 408 921 541 543 544 545 293 39 680 559 944 49 577 837 710 463 976 79 346 222 863 864 482 483 505 635
785 916 917 150 664 414 291 681 810 436 954 455 458 856 747 236 881 506 508
0 897 773 261 525 923 797 33 546 807 553 302 821 439 828 189 64 708 70 457 332 973 333 600 93 740 364 367 244 629 245 247
897 514 392 141 525 275 792 280 28 414 543 813 302 954 704 960 323 580 839 200 77 593 594 247 869 490 618 498 627 503 889 767
668 482 838 600 120 141 822 568 380
257 258 776 10 396 657 914 917 151 794 287 553 697 189 317 191 701 587 726 602 225 742 617 758 634 379 639
128 739 618 301 541
481 682
768 385 389 12 270 271 921 673 161 165 678 935 425 567 63 840 713 336 980 598 599 471 987 605 606 224 744 233 237 500 244 887 509 127
905 917 920 536 927 294 551 808 700 830 198 199 456 204 973 208 337 338 983 87 859 348 351 999 746 235 236 755 246 374 763 508
800 801 673 64 929 620 335 818 691 950 632 825 219 120
576 354 98 871 840 711 638 47 111 335 531 276 284 150 794 124 29 254

1 16 21 9 11 37 38 32 19 23 34 12 6 4 29 31 24 15 26 7 22 40 13 10 39 3 30 18 2 14 17 33 25 5 8 35 20 27 28 36 
