500 40
361 187 402 154 475
256 261 262 401 407 280 166 171 302 49 310 55 441 315 64 323 206 473 357 362 110 240 497 380 255
64 4 390 264 494 143 174 177 83 371 23 22 471 248 25 316 61 95
131 389 5 135 391 7 268 271 408 32 168 42 301 307 309 57 315 196 68 209 215 347 219 94 103 116 376 381 127
386 135 489 10 176 82 278 376 216
295 10 203 268 239 371 117 30 441 318 383
395 269 14 401 35 167 424 168 52 185 64 451 453 455 81 84 213 216 92 349 350 97 231 233 106 112 497 499
256 131 387 137 276 282 27 417 173 436 314 318 466 340 473 220 94 478 352 233 489 367 122 125
261 391 11 12 16 146 278 30 33 298 301 435 441 186 185 61 445 324 70 455 328 75 77 469 213 88 98 355 101 485 361 112 115 377
146 403 428 173 44 49 59 61 192 328 458 208 219 222 95 357 230 109 498 374
1 263 401 277 25 155 156 157 287 50 307 182 193 328 458 331 204 460 333 332 464 213 99 489 240 369 254
256 1 6 9 395 17 20 163 421 41 426 316 445 188 320 67 200 206 462 82 83 351 96 354 482 101 231 103 491 235 110 367 242 372 245
130 11 271 402 278 283 289 314 316 61 191 64 194 325 74 338 87 219 350 478 237 495 367 127
385 133 13 149 23 409 26 25 29 35 423 428 300 430 50 178 52 54 57 61 190 193 450 68 69 72 206 91 221 351 106 363 237 494 499 371 115 377 381
403 21 410 26 285 287 419 167 176 52 181 182 308 70 458 463 217 219 477 221 97 99 488 237 367 239 368 379 116 373 122 251
495 394 459 483
161 65 34 68 69 484 71 327 330 340 341 342 153 122 443 92
102 435 140 382
193 98 227 321 37 382 261 105 74 457 271 432 112 210 369 346 158
262 263 10 269 273 275 409 412 415 163 178 314 443 192 68 454 212 472 473 350 238 112
256 14 282 412 414 417 175 187 194 69 466 472 344 216 224 235 495 111 254
259 262 137 143 146 403 20 278 152 24 291 37 173 175 54 315 445 66 205 333 107
256 384 140 397 14 414 420 165 41 176 436 441 443 454 199 457 203 222 227 484 365
387 287 458 284 30 447
322 294 199 456 494 143 111 176 402 441 253
296 281 234
389 392 139 12 15 404 21 410 154 414 167 171 430 175 434 179 435 183 184 185 313 449 71 201 339 344 96 484 229 101 488 104 105 491 366 124
418 255 356 261 230 71 73 395 144 497 341 120 287
133 391 137 396 270 18 403 24 28 285 160 294 426 47 50 194 71 211 339 472 220 229 494 243 122
321 385 261 200 273 242 179 278 378 316
448 2 3 418 388 40 204 461 368 435 471 312 26 187 255
98 263 232 104 202 10 140 336 497 468 183 56 153 475 190 415
385 386 259 131 11 397 16 145 148 151 280 153 285 37 43 175 177 51 60 444 193 195 198 331 208 466 472 218 225 101 230 112 244 373 246 375 122 380
276 407 284 38 178 180 310 58 451 324 70 328 205 347 225 356 233 490 240 369 379 124
256 133 393 266 151 412 288 292 166 39 430 187 324 78 464 341 89 351 225 98 353 487 488 235 109 494 498 120 249 383
1 131 260 136 18 147 277 280 281 283 42 171 47 51 185 190 64 324 325 81 83 218 221 351 96 481 356 234 365 241 249 251
149
257 446 197 101 41 73 171 330 493 173 305 21 215 26 190
96 257 322 195 132 389 351 71 447 106 331 269 78 16 469 442 29 415
315

14 33 27 12 9 4 35 11 8 36 23 15 2 13 3 7 29 32 31 38 34 19 20 17 22 39 10 25 16 6 21 28 30 18 26 
