1000 40
257 518 264 266 16 272 150 925 34 680 424 683 561 568 720 211 343 606 95 122
70 970 78 911 820 506 763 733
992 833 550 967 937 426 234 332 589 207 432 850 532 347 508 191
161 292 584 425 10 458 942 495 752 143 370 53 374 888 474
513 3 260 4 401 790 26 929 163 164 299 941 53 182 318 191 64 709 980 469 216 222 992 867 233 886
896 6 765 781 910 397 272 793 537 800 289 680 811 939 684 67 452 838 199 463 79 340 215 359 491 236 363 623 116 629 633 893
134 781 655 656 405 153 283 293 679 811 429 174 435 183 460 974 337 212 982 983 478 864 738 228 869 615 105 878 890 380
257 4 261 262 533 922 287 165 421 182 56 707 453 583 843 82 468 213 857 90 476 608 483 366 757 125
135 395 524 911 915 787 282 924 928 673 932 681 939 940 430 819 822 566 443 699 61 701 833 457 970 587 330 721 212 342 599 228 102 371 375 504 121 891
640 259 517 776 393 12 24 796 35 41 810 681 812 811 562 57 188 829 60 452 971 204 976 593 469 597 734 94 864 866 233 628 761 634 255
5 135 786 275 791 155 673 34 420 555 302 181 322 68 708 840 843 460 331 975 726 472 730 862 863 231 871 109 753 506 894
408
58 110
515 136 138 653 275 787 22 24 536 922 668 288 813 691 951 700 66 323 68 587 462 847 720 721 594 467 468 346 862 738 483 631 999 106 757 373 119 630 507 382
931 838 619 441 971 623 48 943 495 697 985 60
897 648 392 138 18 20 663 25 281 154 670 415 289 418 40 173 687 304 817 178 180 696 189 451 839 967 457 604 94 99 100 612 488 107 626 501 764
134 905 272 784 788 407 408 411 540 542 416 36 166 169 555 47 186 315 61 962 323 970 588 211 731 603 866 742 360 753
768 161 450 931 738 5 643 359 296 41 618 547 720 913 632 636
817 18 215 920 446 375
32 711 522 174 442 241 854 216 281 58
15 401 18 789 794 414 160 33 800 547 419 549 37 296 44 686 692 954 826 828 830 319 195 323 843 846 849 342 984 733 735 867 740 869 231 364 492 623 636 126
134 909 271 535 280 919 282 416 801 418 296 810 692 565 948 189 838 461 337 721 856 89 231 876 498 374 503 376
3 515 421 774 37 680 744 266 139 556 557 47 176 880 405 505 444 733
128 897 385 666 29 545 674 805 551 808 682 428 941 175 815 51 439 57 826 63 703 467 852 212 90 869 487 490 752 242 502 503
3 516 389 921 543 37 936 937 297 817 308 959 65 969 719 338 211 599 986 476 865 741 230 501 245 121 383
385 3 388 533 661 279 921 666 685 176 65 586 716 591 209 982 732 483 233 631
768 513 258 640 388 773 8 658 24 537 794 28 541 160 557 301 819 194 582 583 457 718 335 976 720 340 993 226 227 997 233 748 621 878 881 370 121 762 895
128 261 134 904 142 917 23 152 799 800 426 180 181 308 569 323 717 79 719 90 734 862 224 863 354 353 360 362 108 365 878 368 369 242 381 889 506 124 765
711 686 702 615
904 651 665 674 169 682 940 943 820 823 449 71 476 860 226 612 364 620 497 754 120 508
135 394 781 909 527 913 148 277 533 927 545 291 804 40 169 182 183 54 64 461 79 722 725 861 350 225 882 249
389 263 135 915 279 535 795 32 36 427 939 45 816 563 564 184 313 700 829 63 324 708 964 839 327 723 86 986 987 862 999 235 238 242 379 763 894 895
386 516 779 398 666 928 161 679 310 183 836 969 845 470 730 988 92 870 123
336 890
492 62
4 645 265 916 533 924 170 434 448 194 964 463 464 851 989 740 229 488 106 506 380
672 832 161 483 6 584 606 906 650 299 622 405 598 471 728 954 156 446
514 261 649 909 401 916 536 667 798 670 928 673 546 35 550 935 813 945 584 200 461 207 719 981 854 88 731 860 220 348 865 616 886
256 483 867 580 325 631 330 715 653 466 468 22 342 246 537 350 351
896 512 768 401 918 919 25 538 410 930 678 819 59 707 964 70 199 841 717 591 724 471 868 741 870 230 486 746 757 761 252 253 254

21 14 28 27 32 16 9 10 40 31 38 24 17 7 6 5 11 1 25 8 30 22 33 36 37 4 23 39 3 26 15 20 18 2 19 29 34 35 13 
